19940121
19940122
19940123
19940124
19940125
19940126
19940127
19940128
19940129
19940130
19940131
19940201
19940202
19940203
19940204
19940205
19940206
19940207
19940208
19940209
19940210
19940211
19940212
19940213
19940214
19940215
19940216
19940217
19940218
19940219
19940220
19940221
19940222
19940223
19940224
19940225
19940226
19940227
19940228
19940229
19940230
19940231
19940301
19940302
19940303
19940304
19940305
19940306
19940307
19940308
19940309
19940310
19940311
19940312
19940313
19940314
19940315
19940316
19940317
19940318
19940319
19940320
19940321
19940322
19940323
19940324
19940325
19940326
19940327
19940328
19940329
19940330
19940331
19940401
19940402
19940403
19940404
19940405
19940406
19940407
19940408
19940409
19940410
19940411
19940412
19940413
19940414
19940415
19940416
19940417
19940418
19940419
19940420
19940421
19940422
19940423
19940424
19940425
19940426
19940427
19940428
19940429
19940430
19940431
19940501
19940502
19940503
19940504
19940505
19940506
19940507
19940508
19940509
19940510
19940511
19940512
19940513
19940514
19940515
19940516
19940517
19940518
19940519
19940520
19940521
19940522
19940523
19940524
19940525
19940526
19940527
19940528
19940529
19940530
19940531
19940601
19940602
19940603
19940604
19940605
19940606
19940607
19940608
19940609
19940610
19940611
19940612
19940613
19940614
19940615
19940616
19940617
19940618
19940619
19940620
19940621
19940622
19940623
19940624
19940625
19940626
19940627
19940628
19940629
19940630
19940631
19940701
19940702
19940703
19940704
19940705
19940706
19940707
19940708
19940709
19940710
19940711
19940712
19940713
19940714
19940715
19940716
19940717
19940718
19940719
19940720
19940721
19940722
19940723
19940724
19940725
19940726
19940727
19940728
19940729
19940730
19940731
19940801
19940802
19940803
19940804
19940805
19940806
19940807
19940808
19940809
19940810
19940811
19940812
19940813
19940814
19940815
19940816
19940817
19940818
19940819
19940820
19940821
19940822
19940823
19940824
19940825
19940826
19940827
19940828
19940829
19940830
19940831
19940901
19940902
19940903
19940904
19940905
19940906
19940907
19940908
19940909
19940910
19940911
19940912
19940913
19940914
19940915
19940916
19940917
19940918
19940919
19940920
19940921
19940922
19940923
19940924
19940925
19940926
19940927
19940928
19940929
19940930
19940931
19941001
19941002
19941003
19941004
19941005
19941006
19941007
19941008
19941009
19941010
19941011
19941012
19941013
19941014
19941015
19941016
19941017
19941018
19941019
19941020
19941021
19941022
19941023
19941024
19941025
19941026
19941027
19941028
19941029
19941030
19941031
19941101
19941102
19941103
19941104
19941105
19941106
19941107
19941108
19941109
19941110
19941111
19941112
19941113
19941114
19941115
19941116
19941117
19941118
19941119
19941120
19941121
19941122
19941123
19941124
19941125
19941126
19941127
19941128
19941129
19941130
19941131
19941201
19941202
19941203
19941204
19941205
19941206
19941207
19941208
19941209
19941210
19941211
19941212
19941213
19941214
19941215
19941216
19941217
19941218
19941219
19941220
19941221
19941222
19941223
19941224
19941225
19941226
19941227
19941228
19941229
19941230
19941231
19950101
19950102
19950103
19950104
19950105
19950106
19950107
19950108
19950109
19950110
19950111
19950112
19950113
19950114
19950115
19950116
19950117
19950118
19950119
19950120
19950121
19950122
19950123
19950124
19950125
19950126
19950127
19950128
19950129
19950130
19950131
19950201
19950202
19950203
19950204
19950205
19950206
19950207
19950208
19950209
19950210
19950211
19950212
19950213
19950214
19950215
19950216
19950217
19950218
19950219
19950220
19950221
19950222
19950223
19950224
19950225
19950226
19950227
19950228
19950229
19950230
19950231
19950301
19950302
19950303
19950304
19950305
19950306
19950307
19950308
19950309
19950310
19950311
19950312
19950313
19950314
19950315
19950316
19950317
19950318
19950319
19950320
19950321
19950322
19950323
19950324
19950325
19950326
19950327
19950328
19950329
19950330
19950331
19950401
19950402
19950403
19950404
19950405
19950406
19950407
19950408
19950409
19950410
19950411
19950412
19950413
19950414
19950415
19950416
19950417
19950418
19950419
19950420
19950421
19950422
19950423
19950424
19950425
19950426
19950427
19950428
19950429
19950430
19950431
19950501
19950502
19950503
19950504
19950505
19950506
19950507
19950508
19950509
19950510
19950511
19950512
19950513
19950514
19950515
19950516
19950517
19950518
19950519
19950520
19950521
19950522
19950523
19950524
19950525
19950526
19950527
19950528
19950529
19950530
19950531
19950601
19950602
19950603
19950604
19950605
19950606
19950607
19950608
19950609
19950610
19950611
19950612
19950613
19950614
19950615
19950616
19950617
19950618
19950619
19950620
19950621
19950622
19950623
19950624
19950625
19950626
19950627
19950628
19950629
19950630
19950631
19950701
19950702
19950703
19950704
19950705
19950706
19950707
19950708
19950709
19950710
19950711
19950712
19950713
19950714
19950715
19950716
19950717
19950718
19950719
19950720
19950721
19950722
19950723
19950724
19950725
19950726
19950727
19950728
19950729
19950730
19950731
19950801
19950802
19950803
19950804
19950805
19950806
19950807
19950808
19950809
19950810
19950811
19950812
19950813
19950814
19950815
19950816
19950817
19950818
19950819
19950820
19950821
19950822
19950823
19950824
19950825
19950826
19950827
19950828
19950829
19950830
19950831
19950901
19950902
19950903
19950904
19950905
19950906
19950907
19950908
19950909
19950910
19950911
19950912
19950913
19950914
19950915
19950916
19950917
19950918
19950919
19950920
19950921
19950922
19950923
19950924
19950925
19950926
19950927
19950928
19950929
19950930
19950931
19951001
19951002
19951003
19951004
19951005
19951006
19951007
19951008
19951009
19951010
19951011
19951012
19951013
19951014
19951015
19951016
19951017
19951018
19951019
19951020
19951021
19951022
19951023
19951024
19951025
19951026
19951027
19951028
19951029
19951030
19951031
19951101
19951102
19951103
19951104
19951105
19951106
19951107
19951108
19951109
19951110
19951111
19951112
19951113
19951114
19951115
19951116
19951117
19951118
19951119
19951120
19951121
19951122
19951123
19951124
19951125
19951126
19951127
19951128
19951129
19951130
19951131
19951201
19951202
19951203
19951204
19951205
19951206
19951207
19951208
19951209
19951210
19951211
19951212
19951213
19951214
19951215
19951216
19951217
19951218
19951219
19951220
19951221
19951222
19951223
19951224
19951225
19951226
19951227
19951228
19951229
19951230
19951231
19960101
19960102
19960103
19960104
19960105
19960106
19960107
19960108
19960109
19960110
19960111
19960112
19960113
19960114
19960115
19960116
19960117
19960118
19960119
19960120
19960121
19960122
19960123
19960124
19960125
19960126
19960127
19960128
19960129
19960130
19960131
19960201
19960202
19960203
19960204
19960205
19960206
19960207
19960208
19960209
19960210
19960211
19960212
19960213
19960214
19960215
19960216
19960217
19960218
19960219
19960220
19960221
19960222
19960223
19960224
19960225
19960226
19960227
19960228
19960229
19960230
19960231
19960301
19960302
19960303
19960304
19960305
19960306
19960307
19960308
19960309
19960310
19960311
19960312
19960313
19960314
19960315
19960316
19960317
19960318
19960319
19960320
19960321
19960322
19960323
19960324
19960325
19960326
19960327
19960328
19960329
19960330
19960331
19960401
19960402
19960403
19960404
19960405
19960406
19960407
19960408
19960409
19960410
19960411
19960412
19960413
19960414
19960415
19960416
19960417
19960418
19960419
19960420
19960421
19960422
19960423
19960424
19960425
19960426
19960427
19960428
19960429
19960430
19960431
19960501
19960502
19960503
19960504
19960505
19960506
19960507
19960508
19960509
19960510
19960511
19960512
19960513
19960514
19960515
19960516
19960517
19960518
19960519
19960520
19960521
19960522
19960523
19960524
19960525
19960526
19960527
19960528
19960529
19960530
19960531
19960601
19960602
19960603
19960604
19960605
19960606
19960607
19960608
19960609
19960610
19960611
19960612
19960613
19960614
19960615
19960616
19960617
19960618
19960619
19960620
19960621
19960622
19960623
19960624
19960625
19960626
19960627
19960628
19960629
19960630
19960631
19960701
19960702
19960703
19960704
19960705
19960706
19960707
19960708
19960709
19960710
19960711
19960712
19960713
19960714
19960715
19960716
19960717
19960718
19960719
19960720
19960721
19960722
19960723
19960724
19960725
19960726
19960727
19960728
19960729
19960730
19960731
19960801
19960802
19960803
19960804
19960805
19960806
19960807
19960808
19960809
19960810
19960811
19960812
19960813
19960814
19960815
19960816
19960817
19960818
19960819
19960820
19960821
19960822
19960823
19960824
19960825
19960826
19960827
19960828
19960829
19960830
19960831
19960901
19960902
19960903
19960904
19960905
19960906
19960907
19960908
19960909
19960910
19960911
19960912
19960913
19960914
19960915
19960916
19960917
19960918
19960919
19960920
19960921
19960922
19960923
19960924
19960925
19960926
19960927
19960928
19960929
19960930
19960931
19961001
19961002
19961003
19961004
19961005
19961006
19961007
19961008
19961009
19961010
19961011
19961012
19961013
19961014
19961015
19961016
19961017
19961018
19961019
19961020
19961021
19961022
19961023
19961024
19961025
19961026
19961027
19961028
19961029
19961030
19961031
19961101
19961102
19961103
19961104
19961105
19961106
19961107
19961108
19961109
19961110
19961111
19961112
19961113
19961114
19961115
19961116
19961117
19961118
19961119
19961120
19961121
19961122
19961123
19961124
19961125
19961126
19961127
19961128
19961129
19961130
19961131
19961201
19961202
19961203
19961204
19961205
19961206
19961207
19961208
19961209
19961210
19961211
19961212
19961213
19961214
19961215
19961216
19961217
19961218
19961219
19961220
19961221
19961222
19961223
19961224
19961225
19961226
19961227
19961228
19961229
19961230
19961231
20010101
20010102
20010103
20010104
20010105
20010106
20010107
20010108
20010109
20010110
20010111
20010112
20010113
20010114
20010115
20010116
20010117
20010118
20010119
20010120
20010121
20010122
20010123
20010124
20010125
20010126
20010127
20010128
20010129
20010130
20010131
20010201
20010202
20010203
20010204
20010205
20010206
20010207
20010208
20010209
20010210
20010211
20010212
20010213
20010214
20010215
20010216
20010217
20010218
20010219
20010220
20010221
20010222
20010223
20010224
20010225
20010226
20010227
20010228
20010229
20010230
20010231
20010301
20010302
20010303
20010304
20010305
20010306
20010307
20010308
20010309
20010310
20010311
20010312
20010313
20010314
20010315
20010316
20010317
20010318
20010319
20010320
20010321
20010322
20010323
20010324
20010325
20010326
20010327
20010328
20010329
20010330
20010331
20010401
20010402
20010403
20010404
20010405
20010406
20010407
20010408
20010409
20010410
20010411
20010412
20010413
20010414
20010415
20010416
20010417
20010418
20010419
20010420
20010421
20010422
20010423
20010424
20010425
20010426
20010427
20010428
20010429
20010430
20010431
20010501
20010502
20010503
20010504
20010505
20010506
20010507
20010508
20010509
20010510
20010511
20010512
20010513
20010514
20010515
20010516
20010517
20010518
20010519
20010520
20010521
20010522
20010523
20010524
20010525
20010526
20010527
20010528
20010529
20010530
20010531
20010601
20010602
20010603
20010604
20010605
20010606
20010607
20010608
20010609
20010610
20010611
20010612
20010613
20010614
20010615
20010616
20010617
20010618
20010619
20010620
20010621
20010622
20010623
20010624
20010625
20010626
20010627
20010628
20010629
20010630
20010631
20010701
20010702
20010703
20010704
20010705
20010706
20010707
20010708
20010709
20010710
20010711
20010712
20010713
20010714
20010715
20010716
20010717
20010718
20010719
20010720
20010721
20010722
20010723
20010724
20010725
20010726
20010727
20010728
20010729
20010730
20010731
20010801
20010802
20010803
20010804
20010805
20010806
20010807
20010808
20010809
20010810
20010811
20010812
20010813
20010814
20010815
20010816
20010817
20010818
20010819
20010820
20010821
20010822
20010823
20010824
20010825
20010826
20010827
20010828
20010829
20010830
20010831
20010901
20010902
20010903
20010904
20010905
20010906
20010907
20010908
20010909
20010910
20010911
20010912
20010913
20010914
20010915
20010916
20010917
20010918
20010919
20010920
20010921
20010922
20010923
20010924
20010925
20010926
20010927
20010928
20010929
20010930
20010931
20011001
20011002
20011003
20011004
20011005
20011006
20011007
20011008
20011009
20011010
20011011
20011012
20011013
20011014
20011015
20011016
20011017
20011018
20011019
20011020
20011021
20011022
20011023
20011024
20011025
20011026
20011027
20011028
20011029
20011030
20011031
20011101
20011102
20011103
20011104
20011105
20011106
20011107
20011108
20011109
20011110
20011111
20011112
20011113
20011114
20011115
20011116
20011117
20011118
20011119
20011120
20011121
20011122
20011123
20011124
20011125
20011126
20011127
20011128
20011129
20011130
20011131
20011201
20011202
20011203
20011204
20011205
20011206
20011207
20011208
20011209
20011210
20011211
20011212
20011213
20011214
20011215
20011216
20011217
20011218
20011219
20011220
20011221
20011222
20011223
20011224
20011225
20011226
20011227
20011228
20011229
20011230
20011231
20020101
20020102
20020103
20020104
20020105
20020106
20020107
20020108
20020109
20020110
20020111
20020112
20020113
20020114
20020115
20020116
20020117
20020118
20020119
20020120
20020121
20020122
20020123
20020124
20020125
20020126
20020127
20020128
20020129
20020130
20020131
20020201
20020202
20020203
20020204
20020205
20020206
20020207
20020208
20020209
20020210
20020211
20020212
20020213
20020214
20020215
20020216
20020217
20020218
20020219
20020220
20020221
20020222
20020223
20020224
20020225
20020226
20020227
20020228
20020229
20020230
20020231
20020301
20020302
20020303
20020304
20020305
20020306
20020307
20020308
20020309
20020310
20020311
20020312
20020313
20020314
20020315
20020316
20020317
20020318
20020319
20020320
20020321
20020322
20020323
20020324
20020325
20020326
20020327
20020328
20020329
20020330
20020331
20020401
20020402
20020403
20020404
20020405
20020406
20020407
20020408
20020409
20020410
20020411
20020412
20020413
20020414
20020415
20020416
20020417
20020418
20020419
20020420
20020421
20020422
20020423
20020424
20020425
20020426
20020427
20020428
20020429
20020430
20020431
20020501
20020502
20020503
20020504
20020505
20020506
20020507
20020508
20020509
20020510
20020511
20020512
20020513
20020514
20020515
20020516
20020517
20020518
20020519
20020520
20020521
20020522
20020523
20020524
20020525
20020526
20020527
20020528
20020529
20020530
20020531
20020601
20020602
20020603
20020604
20020605
20020606
20020607
20020608
20020609
20020610
20020611
20020612
20020613
20020614
20020615
20020616
20020617
20020618
20020619
20020620
20020621
20020622
20020623
20020624
20020625
20020626
20020627
20020628
20020629
20020630
20020631
20020701
20020702
20020703
20020704
20020705
20020706
20020707
20020708
20020709
20020710
20020711
20020712
20020713
20020714
20020715
20020716
20020717
20020718
20020719
20020720
20020721
20020722
20020723
20020724
20020725
20020726
20020727
20020728
20020729
20020730
20020731
20020801
20020802
20020803
20020804
20020805
20020806
20020807
20020808
20020809
20020810
20020811
20020812
20020813
20020814
20020815
20020816
20020817
20020818
20020819
20020820
20020821
20020822
20020823
20020824
20020825
20020826
20020827
20020828
20020829
20020830
20020831
20020901
20020902
20020903
20020904
20020905
20020906
20020907
20020908
20020909
20020910
20020911
20020912
20020913
20020914
20020915
20020916
20020917
20020918
20020919
20020920
20020921
20020922
20020923
20020924
20020925
20020926
20020927
20020928
20020929
20020930
20020931
20021001
20021002
20021003
20021004
20021005
20021006
20021007
20021008
20021009
20021010
20021011
20021012
20021013
20021014
20021015
20021016
20021017
20021018
20021019
20021020
20021021
20021022
20021023
20021024
20021025
20021026
20021027
20021028
20021029
20021030
20021031
20021101
20021102
20021103
20021104
20021105
20021106
20021107
20021108
20021109
20021110
20021111
20021112
20021113
20021114
20021115
20021116
20021117
20021118
20021119
20021120
20021121
20021122
20021123
20021124
20021125
20021126
20021127
20021128
20021129
20021130
20021131
20021201
20021202
20021203
20021204
20021205
20021206
20021207
20021208
20021209
20021210
20021211
20021212
20021213
20021214
20021215
20021216
20021217
20021218
20021219
20021220
20021221
20021222
20021223
20021224
20021225
20021226
20021227
20021228
20021229
20021230
20021231
20030101
20030102
20030103
20030104
20030105
20030106
20030107
20030108
20030109
20030110
20030111
20030112
20030113
20030114
20030115
20030116
20030117
20030118
20030119
20030120
20030121
20030122
20030123
20030124
20030125
20030126
20030127
20030128
20030129
20030130
20030131
20030201
20030202
20030203
20030204
20030205
20030206
20030207
20030208
20030209
20030210
20030211
20030212
20030213
20030214
20030215
20030216
20030217
20030218
20030219
20030220
20030221
20030222
20030223
20030224
20030225
20030226
20030227
20030228
20030229
20030230
20030231
20030301
20030302
20030303
20030304
20030305
20030306
20030307
20030308
20030309
20030310
20030311
20030312
20030313
20030314
20030315
20030316
20030317
20030318
20030319
20030320
20030321
20030322
20030323
20030324
20030325
20030326
20030327
20030328
20030329
20030330
20030331
20030401
20030402
20030403
20030404
20030405
20030406
20030407
20030408
20030409
20030410
20030411
20030412
20030413
20030414
20030415
20030416
20030417
20030418
20030419
20030420
20030421
20030422
20030423
20030424
20030425
20030426
20030427
20030428
20030429
20030430
20030431
20030501
20030502
20030503
20030504
20030505
20030506
20030507
20030508
20030509
20030510
20030511
20030512
20030513
20030514
20030515
20030516
20030517
20030518
20030519
20030520
20030521
20030522
20030523
20030524
20030525
20030526
20030527
20030528
20030529
20030530
20030531
20030601
20030602
20030603
20030604
20030605
20030606
20030607
20030608
20030609
20030610
20030611
20030612
20030613
20030614
20030615
20030616
20030617
20030618
20030619
20030620
20030621
20030622
20030623
20030624
20030625
20030626
20030627
20030628
20030629
20030630
20030631
20030701
20030702
20030703
20030704
20030705
20030706
20030707
20030708
20030709
20030710
20030711
20030712
20030713
20030714
20030715
20030716
20030717
20030718
20030719
20030720
20030721
20030722
20030723
20030724
20030725
20030726
20030727
20030728
20030729
20030730
20030731
20030801
20030802
20030803
20030804
20030805
20030806
20030807
20030808
20030809
20030810
20030811
20030812
20030813
20030814
20030815
20030816
20030817
20030818
20030819
20030820
20030821
20030822
20030823
20030824
20030825
20030826
20030827
20030828
20030829
20030830
20030831
20030901
20030902
20030903
20030904
20030905
20030906
20030907
20030908
20030909
20030910
20030911
20030912
20030913
20030914
20030915
20030916
20030917
20030918
20030919
20030920
20030921
20030922
20030923
20030924
20030925
20030926
20030927
20030928
20030929
20030930
20030931
20031001
20031002
20031003
20031004
20031005
20031006
20031007
20031008
20031009
20031010
20031011
20031012
20031013
20031014
20031015
20031016
20031017
20031018
20031019
20031020
20031021
20031022
20031023
20031024
20031025
20031026
20031027
20031028
20031029
20031030
20031031
20031101
20031102
20031103
20031104
20031105
20031106
20031107
20031108
20031109
20031110
20031111
20031112
20031113
20031114
20031115
20031116
20031117
20031118
20031119
20031120
20031121
20031122
20031123
20031124
20031125
20031126
20031127
20031128
20031129
20031130
20031131
20031201
20031202
20031203
20031204
20031205
20031206
20031207
20031208
20031209
20031210
20031211
20031212
20031213
20031214
20031215
20031216
20031217
20031218
20031219
20031220
20031221
20031222
20031223
20031224
20031225
20031226
20031227
20031228
20031229
20031230
20031231
20040101
20040102
20040103
20040104
20040105
20040106
20040107
20040108
20040109
20040110
20040111
20040112
20040113
20040114
20040115
20040116
20040117
20040118
20040119
20040120
20040121
20040122
20040123
20040124
20040125
20040126
20040127
20040128
20040129
20040130
20040131
20040201
20040202
20040203
20040204
20040205
20040206
20040207
20040208
20040209
20040210
20040211
20040212
20040213
20040214
20040215
20040216
20040217
20040218
20040219
20040220
20040221
20040222
20040223
20040224
20040225
20040226
20040227
20040228
20040229
20040230
20040231
20040301
20040302
20040303
20040304
20040305
20040306
20040307
20040308
20040309
20040310
20040311
20040312
20040313
20040314
20040315
20040316
20040317
20040318
20040319
20040320
20040321
20040322
20040323
20040324
20040325
20040326
20040327
20040328
20040329
20040330
20040331
20040401
20040402
20040403
20040404
20040405
20040406
20040407
20040408
20040409
20040410
20040411
20040412
20040413
20040414
20040415
20040416
20040417
20040418
20040419
20040420
20040421
20040422
20040423
20040424
20040425
20040426
20040427
20040428
20040429
20040430
20040431
20040501
20040502
20040503
20040504
20040505
20040506
20040507
20040508
20040509
20040510
20040511
20040512
20040513
20040514
20040515
20040516
20040517
20040518
20040519
20040520
20040521
20040522
20040523
20040524
20040525
20040526
20040527
20040528
20040529
20040530
20040531
20040601
20040602
20040603
20040604
20040605
20040606
20040607
20040608
20040609
20040610
20040611
20040612
20040613
20040614
20040615
20040616
20040617
20040618
20040619
20040620
20040621
20040622
20040623
20040624
20040625
20040626
20040627
20040628
20040629
20040630
20040631
20040701
20040702
20040703
20040704
20040705
20040706
20040707
20040708
20040709
20040710
20040711
20040712
20040713
20040714
20040715
20040716
20040717
20040718
20040719
20040720
20040721
20040722
20040723
20040724
20040725
20040726
20040727
20040728
20040729
20040730
20040731
20040801
20040802
20040803
20040804
20040805
20040806
20040807
20040808
20040809
20040810
20040811
20040812
20040813
20040814
20040815
20040816
20040817
20040818
20040819
20040820
20040821
20040822
20040823
20040824
20040825
20040826
20040827
20040828
20040829
20040830
20040831
20040901
20040902
20040903
20040904
20040905
20040906
20040907
20040908
20040909
20040910
20040911
20040912
20040913
20040914
20040915
20040916
20040917
20040918
20040919
20040920
20040921
20040922
20040923
20040924
20040925
20040926
20040927
20040928
20040929
20040930
20040931
20041001
20041002
20041003
20041004
20041005
20041006
20041007
20041008
20041009
20041010
20041011
20041012
20041013
20041014
20041015
20041016
20041017
20041018
20041019
20041020
20041021
20041022
20041023
20041024
20041025
20041026
20041027
20041028
20041029
20041030
20041031
20041101
20041102
20041103
20041104
20041105
20041106
20041107
20041108
20041109
20041110
20041111
20041112
20041113
20041114
20041115
20041116
20041117
20041118
20041119
20041120
20041121
20041122
20041123
20041124
20041125
20041126
20041127
20041128
20041129
20041130
20041131
20041201
20041202
20041203
20041204
20041205
20041206
20041207
20041208
20041209
20041210
20041211
20041212
20041213
20041214
20041215
20041216
20041217
20041218
20041219
20041220
20041221
20041222
20041223
20041224
20041225
20041226
20041227
20041228
20041229
20041230
20041231
20050101
20050102
20050103
20050104
20050105
20050106
20050107
20050108
20050109
20050110
20050111
20050112
20050113
20050114
20050115
20050116
20050117
20050118
20050119
20050120
20050121
20050122
20050123
20050124
20050125
20050126
20050127
20050128
20050129
20050130
20050131
20050201
20050202
20050203
20050204
20050205
20050206
20050207
20050208
20050209
20050210
20050211
20050212
20050213
20050214
20050215
20050216
20050217
20050218
20050219
20050220
20050221
20050222
20050223
20050224
20050225
20050226
20050227
20050228
20050229
20050230
20050231
20050301
20050302
20050303
20050304
20050305
20050306
20050307
20050308
20050309
20050310
20050311
20050312
20050313
20050314
20050315
20050316
20050317
20050318
20050319
20050320
20050321
20050322
20050323
20050324
20050325
20050326
20050327
20050328
20050329
20050330
20050331
20050401
20050402
20050403
20050404
20050405
20050406
20050407
20050408
20050409
20050410
20050411
20050412
20050413
20050414
20050415
20050416
20050417
20050418
20050419
20050420
20050421
20050422
20050423
20050424
20050425
20050426
20050427
20050428
20050429
20050430
20050431
20050501
20050502
20050503
20050504
20050505
20050506
20050507
20050508
20050509
20050510
20050511
20050512
20050513
20050514
20050515
20050516
20050517
20050518
20050519
20050520
20050521
20050522
20050523
20050524
20050525
20050526
20050527
20050528
20050529
20050530
20050531
20050601
20050602
20050603
20050604
20050605
20050606
20050607
20050608
20050609
20050610
20050611
20050612
20050613
20050614
20050615
20050616
20050617
20050618
20050619
20050620
20050621
20050622
20050623
20050624
20050625
20050626
20050627
20050628
20050629
20050630
20050631
20050701
20050702
20050703
20050704
20050705
20050706
20050707
20050708
20050709
20050710
20050711
20050712
20050713
20050714
20050715
20050716
20050717
20050718
20050719
20050720
20050721
20050722
20050723
20050724
20050725
20050726
20050727
20050728
20050729
20050730
20050731
20050801
20050802
20050803
20050804
20050805
20050806
20050807
20050808
20050809
20050810
20050811
20050812
20050813
20050814
20050815
20050816
20050817
20050818
20050819
20050820
20050821
20050822
20050823
20050824
20050825
20050826
20050827
20050828
20050829
20050830
20050831
20050901
20050902
20050903
20050904
20050905
20050906
20050907
20050908
20050909
20050910
20050911
20050912
20050913
20050914
20050915
20050916
20050917
20050918
20050919
20050920
20050921
20050922
20050923
20050924
20050925
20050926
20050927
20050928
20050929
20050930
20050931
20051001
20051002
20051003
20051004
20051005
20051006
20051007
20051008
20051009
20051010
20051011
20051012
20051013
20051014
20051015
20051016
20051017
20051018
20051019
20051020
20051021
20051022
20051023
20051024
20051025
20051026
20051027
20051028
20051029
20051030
20051031
20051101
20051102
20051103
20051104
20051105
20051106
20051107
20051108
20051109
20051110
20051111
20051112
20051113
20051114
20051115
20051116
20051117
20051118
20051119
20051120
20051121
20051122
20051123
20051124
20051125
20051126
20051127
20051128
20051129
20051130
20051131
20051201
20051202
20051203
20051204
20051205
20051206
20051207
20051208
20051209
20051210
20051211
20051212
20051213
20051214
20051215
20051216
20051217
20051218
20051219
20051220
20051221
20051222
20051223
20051224
20051225
20051226
20051227
20051228
20051229
20051230
20051231
20060101
20060102
20060103
20060104
20060105
20060106
20060107
20060108
20060109
20060110
20060111
20060112
20060113
20060114
20060115
20060116
20060117
20060118
20060119
20060120
20060121
20060122
20060123
20060124
20060125
20060126
20060127
20060128
20060129
20060130
20060131
20060201
20060202
20060203
20060204
20060205
20060206
20060207
20060208
20060209
20060210
20060211
20060212
20060213
20060214
20060215
20060216
20060217
20060218
20060219
20060220
20060221
20060222
20060223
20060224
20060225
20060226
20060227
20060228
20060229
20060230
20060231
20060301
20060302
20060303
20060304
20060305
20060306
20060307
20060308
20060309
20060310
20060311
20060312
20060313
20060314
20060315
20060316
20060317
20060318
20060319
20060320
20060321
20060322
20060323
20060324
20060325
20060326
20060327
20060328
20060329
20060330
20060331
20060401
20060402
20060403
20060404
20060405
20060406
20060407
20060408
20060409
20060410
20060411
20060412
20060413
20060414
20060415
20060416
20060417
20060418
20060419
20060420
20060421
20060422
20060423
20060424
20060425
20060426
20060427
20060428
20060429
20060430
20060431
20060501
20060502
20060503
20060504
20060505
20060506
20060507
20060508
20060509
20060510
20060511
20060512
20060513
20060514
20060515
20060516
20060517
20060518
20060519
20060520
20060521
20060522
20060523
20060524
20060525
20060526
20060527
20060528
20060529
20060530
20060531
20060601
20060602
20060603
20060604
20060605
20060606
20060607
20060608
20060609
20060610
20060611
20060612
20060613
20060614
20060615
20060616
20060617
20060618
20060619
20060620
20060621
20060622
20060623
20060624
20060625
20060626
20060627
20060628
20060629
20060630
20060631
20060701
20060702
20060703
20060704
20060705
20060706
20060707
20060708
20060709
20060710
20060711
20060712
20060713
20060714
20060715
20060716
20060717
20060718
20060719
20060720
20060721
20060722
20060723
20060724
20060725
20060726
20060727
20060728
20060729
20060730
20060731
20060801
20060802
20060803
20060804
20060805
20060806
20060807
20060808
20060809
20060810
20060811
20060812
20060813
20060814
20060815
20060816
20060817
20060818
20060819
20060820
20060821
20060822
20060823
20060824
20060825
20060826
20060827
20060828
20060829
20060830
20060831
20060901
20060902
20060903
20060904
20060905
20060906
20060907
20060908
20060909
20060910
20060911
20060912
20060913
20060914
20060915
20060916
20060917
20060918
20060919
20060920
20060921
20060922
20060923
20060924
20060925
20060926
20060927
20060928
20060929
20060930
20060931
20061001
20061002
20061003
20061004
20061005
20061006
20061007
20061008
20061009
20061010
20061011
20061012
20061013
20061014
20061015
20061016
20061017
20061018
20061019
20061020
20061021
20061022
20061023
20061024
20061025
20061026
20061027
20061028
20061029
20061030
20061031
20061101
20061102
20061103
20061104
20061105
20061106
20061107
20061108
20061109
20061110
20061111
20061112
20061113
20061114
20061115
20061116
20061117
20061118
20061119
20061120
20061121
20061122
20061123
20061124
20061125
20061126
20061127
20061128
20061129
20061130
20061131
20061201
20061202
20061203
20061204
20061205
20061206
20061207
20061208
20061209
20061210
20061211
20061212
20061213
20061214
20061215
20061216
20061217
20061218
20061219
20061220
20061221
20061222
20061223
20061224
20061225
20061226
20061227
20061228
20061229
20061230
20061231
20070101
20070102
20070103
20070104
20070105
20070106
20070107
20070108
20070109
20070110
20070111
20070112
20070113
20070114
20070115
20070116
20070117
20070118
20070119
20070120
20070121
20070122
20070123
20070124
20070125
20070126
20070127
20070128
20070129
20070130
20070131
20070201
20070202
20070203
20070204
20070205
20070206
20070207
20070208
20070209
20070210
20070211
20070212
20070213
20070214
20070215
20070216
20070217
20070218
20070219
20070220
20070221
20070222
20070223
20070224
20070225
20070226
20070227
20070228
20070229
20070230
20070231
20070301
20070302
20070303
20070304
20070305
20070306
20070307
20070308
20070309
20070310
20070311
20070312
20070313
20070314
20070315
20070316
20070317
20070318
20070319
20070320
20070321
20070322
20070323
20070324
20070325
20070326
20070327
20070328
20070329
20070330
20070331
20070401
20070402
20070403
20070404
20070405
20070406
20070407
20070408
20070409
20070410
20070411
20070412
20070413
20070414
20070415
20070416
20070417
20070418
20070419
20070420
20070421
20070422
20070423
20070424
20070425
20070426
20070427
20070428
20070429
20070430
20070431
20070501
20070502
20070503
20070504
20070505
20070506
20070507
20070508
20070509
20070510
20070511
20070512
20070513
20070514
20070515
20070516
20070517
20070518
20070519
20070520
20070521
20070522
20070523
20070524
20070525
20070526
20070527
20070528
20070529
20070530
20070531
20070601
20070602
20070603
20070604
20070605
20070606
20070607
20070608
20070609
20070610
20070611
20070612
20070613
20070614
20070615
20070616
20070617
20070618
20070619
20070620
20070621
20070622
20070623
20070624
20070625
20070626
20070627
20070628
20070629
20070630
20070631
20070701
20070702
20070703
20070704
20070705
20070706
20070707
20070708
20070709
20070710
20070711
20070712
20070713
20070714
20070715
20070716
20070717
20070718
20070719
20070720
20070721
20070722
20070723
20070724
20070725
20070726
20070727
20070728
20070729
20070730
20070731
20070801
20070802
20070803
20070804
20070805
20070806
20070807
20070808
20070809
20070810
20070811
20070812
20070813
20070814
20070815
20070816
20070817
20070818
20070819
20070820
20070821
20070822
20070823
20070824
20070825
20070826
20070827
20070828
20070829
20070830
20070831
20070901
20070902
20070903
20070904
20070905
20070906
20070907
20070908
20070909
20070910
20070911
20070912
20070913
20070914
20070915
20070916
20070917
20070918
20070919
20070920
20070921
20070922
20070923
20070924
20070925
20070926
20070927
20070928
20070929
20070930
20070931
20071001
20071002
20071003
20071004
20071005
20071006
20071007
20071008
20071009
20071010
20071011
20071012
20071013
20071014
20071015
20071016
20071017
20071018
20071019
20071020
20071021
20071022
20071023
20071024
20071025
20071026
20071027
20071028
20071029
20071030
20071031
20071101
20071102
20071103
20071104
20071105
20071106
20071107
20071108
20071109
20071110
20071111
20071112
20071113
20071114
20071115
20071116
20071117
20071118
20071119
20071120
20071121
20071122
20071123
20071124
20071125
20071126
20071127
20071128
20071129
20071130
20071131
20071201
20071202
20071203
20071204
20071205
20071206
20071207
20071208
20071209
20071210
20071211
20071212
20071213
20071214
20071215
20071216
20071217
20071218
20071219
20071220
20071221
20071222
20071223
20071224
20071225
20071226
20071227
20071228
20071229
20071230
20071231
20080101
20080102
20080103
20080104
20080105
20080106
20080107
20080108
20080109
20080110
20080111
20080112
20080113
20080114
20080115
20080116
20080117
20080118
20080119
20080120
20080121
20080122
20080123
20080124
20080125
20080126
20080127
20080128
20080129
20080130
20080131
20080201
20080202
20080203
20080204
20080205
20080206
20080207
20080208
20080209
20080210
20080211
20080212
20080213
20080214
20080215
20080216
20080217
20080218
20080219
20080220
20080221
20080222
20080223
20080224
20080225
20080226
20080227
20080228
20080229
20080230
20080231
20080301
20080302
20080303
20080304
20080305
20080306
20080307
20080308
20080309
20080310
20080311
20080312
20080313
20080314
20080315
20080316
20080317
20080318
20080319
20080320
20080321
20080322
20080323
20080324
20080325
20080326
20080327
20080328
20080329
20080330
20080331
20080401
20080402
20080403
20080404
20080405
20080406
20080407
20080408
20080409
20080410
20080411
20080412
20080413
20080414
20080415
20080416
20080417
20080418
20080419
20080420
20080421
20080422
20080423
20080424
20080425
20080426
20080427
20080428
20080429
20080430
20080431
20080501
20080502
20080503
20080504
20080505
20080506
20080507
20080508
20080509
20080510
20080511
20080512
20080513
20080514
20080515
20080516
20080517
20080518
20080519
20080520
20080521
20080522
20080523
20080524
20080525
20080526
20080527
20080528
20080529
20080530
20080531
20080601
20080602
20080603
20080604
20080605
20080606
20080607
20080608
20080609
20080610
20080611
20080612
20080613
20080614
20080615
20080616
20080617
20080618
20080619
20080620
20080621
20080622
20080623
20080624
20080625
20080626
20080627
20080628
20080629
20080630
20080631
20080701
20080702
20080703
20080704
20080705
20080706
20080707
20080708
20080709
20080710
20080711
20080712
20080713
20080714
20080715
20080716
20080717
20080718
20080719
20080720
20080721
20080722
20080723
20080724
20080725
20080726
20080727
20080728
20080729
20080730
20080731
20080801
20080802
20080803
20080804
20080805
20080806
20080807
20080808
20080809
20080810
20080811
20080812
20080813
20080814
20080815
20080816
20080817
20080818
20080819
20080820
20080821
20080822
20080823
20080824
20080825
20080826
20080827
20080828
20080829
20080830
20080831
20080901
20080902
20080903
20080904
20080905
20080906
20080907
20080908
20080909
20080910
20080911
20080912
20080913
20080914
20080915
20080916
20080917
20080918
20080919
20080920
20080921
20080922
20080923
20080924
20080925
20080926
20080927
20080928
20080929
20080930
20080931
20081001
20081002
20081003
20081004
20081005
20081006
20081007
20081008
20081009
20081010
20081011
20081012
20081013
20081014
20081015
20081016
20081017
20081018
20081019
20081020
20081021
20081022
20081023
20081024
20081025
20081026
20081027
20081028
20081029
20081030
20081031
20081101
20081102
20081103
20081104
20081105
20081106
20081107
20081108
20081109
20081110
20081111
20081112
20081113
20081114
20081115
20081116
20081117
20081118
20081119
20081120
20081121
20081122
20081123
20081124
20081125
20081126
20081127
20081128
20081129
20081130
20081131
20081201
20081202
20081203
20081204
20081205
20081206
20081207
20081208
20081209
20081210
20081211
20081212
20081213
20081214
20081215
20081216
20081217
20081218
20081219
20081220
20081221
20081222
20081223
20081224
20081225
20081226
20081227
20081228
20081229
20081230
20081231
20090101
20090102
20090103
20090104
20090105
20090106
20090107
20090108
20090109
20090110
20090111
20090112
20090113
20090114
20090115
20090116
20090117
20090118
20090119
20090120
20090121
20090122
20090123
20090124
20090125
20090126
20090127
20090128
20090129
20090130
20090131
20090201
20090202
20090203
20090204
20090205
20090206
20090207
20090208
20090209
20090210
20090211
20090212
20090213
20090214
20090215
20090216
20090217
20090218
20090219
20090220
20090221
20090222
20090223
20090224
20090225
20090226
20090227
20090228
20090229
20090230
20090231
20090301
20090302
20090303
20090304
20090305
20090306
20090307
20090308
20090309
20090310
20090311
20090312
20090313
20090314
20090315
20090316
20090317
20090318
20090319
20090320
20090321
20090322
20090323
20090324
20090325
20090326
20090327
20090328
20090329
20090330
20090331
20090401
20090402
20090403
20090404
20090405
20090406
20090407
20090408
20090409
20090410
20090411
20090412
20090413
20090414
20090415
20090416
20090417
20090418
20090419
20090420
20090421
20090422
20090423
20090424
20090425
20090426
20090427
20090428
20090429
20090430
20090431
20090501
20090502
20090503
20090504
20090505
20090506
20090507
20090508
20090509
20090510
20090511
20090512
20090513
20090514
20090515
20090516
20090517
20090518
20090519
20090520
20090521
20090522
20090523
20090524
20090525
20090526
20090527
20090528
20090529
20090530
20090531
20090601
20090602
20090603
20090604
20090605
20090606
20090607
20090608
20090609
20090610
20090611
20090612
20090613
20090614
20090615
20090616
20090617
20090618
20090619
20090620
20090621
20090622
20090623
20090624
20090625
20090626
20090627
20090628
20090629
20090630
20090631
20090701
20090702
20090703
20090704
20090705
20090706
20090707
20090708
20090709
20090710
20090711
20090712
20090713
20090714
20090715
20090716
20090717
20090718
20090719
20090720
20090721
20090722
20090723
20090724
20090725
20090726
20090727
20090728
20090729
20090730
20090731
20090801
20090802
20090803
20090804
20090805
20090806
20090807
20090808
20090809
20090810
20090811
20090812
20090813
20090814
20090815
20090816
20090817
20090818
20090819
20090820
20090821
20090822
20090823
20090824
20090825
20090826
20090827
20090828
20090829
20090830
20090831
20090901
20090902
20090903
20090904
20090905
20090906
20090907
20090908
20090909
20090910
20090911
20090912
20090913
20090914
20090915
20090916
20090917
20090918
20090919
20090920
20090921
20090922
20090923
20090924
20090925
20090926
20090927
20090928
20090929
20090930
20090931
20091001
20091002
20091003
20091004
20091005
20091006
20091007
20091008
20091009
20091010
20091011
20091012
20091013
20091014
20091015
20091016
20091017
20091018
20091019
20091020
20091021
20091022
20091023
20091024
20091025
20091026
20091027
20091028
20091029
20091030
20091031
20091101
20091102
20091103
20091104
20091105
20091106
20091107
20091108
20091109
20091110
20091111
20091112
20091113
20091114
20091115
20091116
20091117
20091118
20091119
20091120
20091121
20091122
20091123
20091124
20091125
20091126
20091127
20091128
20091129
20091130
20091131
20091201
20091202
20091203
20091204
20091205
20091206
20091207
20091208
20091209
20091210
20091211
20091212
20091213
20091214
20091215
20091216
20091217
20091218
20091219
20091220
20091221
20091222
20091223
20091224
20091225
20091226
20091227
20091228
20091229
20091230
20091231
20130101
20130102
20130103
20130104
20130105
20130106
20130107
20130108
20130109
20130110
20130111
20130112
20130113
20130114
20130115
20130116
20130117
20130118
20130119
20130120
20130121
20130122
20130123
20130124
20130125
20130126
20130127
20130128
20130129
20130130
20130131
20130201
20130202
20130203
20130204
20130205
20130206
20130207
20130208
20130209
20130210
20130211
20130212
20130213
20130214
20130215
20130216
20130217
20130218
20130219
20130220
20130221
20130222
20130223
20130224
20130225
20130226
20130227
20130228
20130229
20130230
20130231
20130301
20130302
20130303
20130304
20130305
20130306
20130307
20130308
20130309
20130310
20130311
20130312
20130313
20130314
20130315
20130316
20130317
20130318
20130319
20130320
20130321
20130322
20130323
20130324
20130325
20130326
20130327
20130328
20130329
20130330
20130331
20130401
20130402
20130403
20130404
20130405
20130406
20130407
20130408
20130409
20130410
20130411
20130412
20130413
20130414
20130415
20130416
20130417
20130418
20130419
20130420
20130421
20130422
20130423
20130424
20130425
20130426
20130427
20130428
20130429
20130430
20130431
20130501
20130502
20130503
20130504
20130505
20130506
20130507
20130508
20130509
20130510
20130511
20130512
20130513
20130514
20130515
20130516
20130517
20130518
20130519
20130520
20130521
20130522
20130523
20130524
20130525
20130526
20130527
20130528
20130529
20130530
20130531
20130601
20130602
20130603
20130604
20130605
20130606
20130607
20130608
20130609
20130610
20130611
20130612
20130613
20130614
20130615
20130616
20130617
20130618
20130619
20130620
20130621
20130622
20130623
20130624
20130625
20130626
20130627
20130628
20130629
20130630
20130631
20130701
20130702
20130703
20130704
20130705
20130706
20130707
20130708
20130709
20130710
20130711
20130712
20130713
20130714
20130715
20130716
20130717
20130718
20130719
20130720
20130721
20130722
20130723
20130724
20130725
20130726
20130727
20130728
20130729
20130730
20130731
20130801
20130802
20130803
20130804
20130805
20130806
20130807
20130808
20130809
20130810
20130811
20130812
20130813
20130814
20130815
20130816
20130817
20130818
20130819
20130820
20130821
20130822
20130823
20130824
20130825
20130826
20130827
20130828
20130829
20130830
20130831
20130901
20130902
20130903
20130904
20130905
20130906
20130907
20130908
20130909
20130910
20130911
20130912
20130913
20130914
20130915
20130916
20130917
20130918
20130919
20130920
20130921
20130922
20130923
20130924
20130925
20130926
20130927
20130928
20130929
20130930
20130931
20131001
20131002
20131003
20131004
20131005
20131006
20131007
20131008
20131009
20131010
20131011
20131012
20131013
20131014
20131015
20131016
20131017
20131018
20131019
20131020
20131021
20131022
20131023
20131024
20131025
20131026
20131027
20131028
20131029
20131030
20131031
20131101
20131102
20131103
20131104
20131105
20131106
20131107
20131108
20131109
20131110
20131111
20131112
20131113
20131114
20131115
20131116
20131117
20131118
20131119
20131120
20131121
20131122
20131123
20131124
20131125
20131126
20131127
20131128
20131129
20131130
20131131
20131201
20131202
20131203
20131204
20131205
20131206
20131207
20131208
20131209
20131210
20131211
20131212
20131213
20131214
20131215
20131216
20131217
20131218
20131219
20131220
20131221
20131222
20131223
20131224
20131225
20131226
20131227
20131228
20131229
20131230
20131231
20140101
20140102
20140103
20140104
20140105
20140106
20140107
20140108
20140109
20140110
20140111
20140112
20140113
20140114
20140115
20140116
20140117
20140118
20140119
20140120
20140121
20140122
20140123
20140124
20140125
20140126
20140127
20140128
20140129
20140130
20140131
20140201
20140202
20140203
20140204
20140205
20140206
20140207
20140208
20140209
20140210
20140211
20140212
20140213
20140214
20140215
20140216
20140217
20140218
20140219
20140220
20140221
20140222
20140223
20140224
20140225
20140226
20140227
20140228
20140229
20140230
20140231
20140301
20140302
20140303
20140304
20140305
20140306
20140307
20140308
20140309
20140310
20140311
20140312
20140313
20140314
20140315
20140316
20140317
20140318
20140319
20140320
20140321
20140322
20140323
20140324
20140325
20140326
20140327
20140328
20140329
20140330
20140331
20140401
20140402
20140403
20140404
20140405
20140406
20140407
20140408
20140409
20140410
20140411
20140412
20140413
20140414
20140415
20140416
20140417
20140418
20140419
20140420
20140421
20140422
20140423
20140424
20140425
20140426
20140427
20140428
20140429
20140430
20140431
20140501
20140502
20140503
20140504
20140505
20140506
20140507
20140508
20140509
20140510
20140511
20140512
20140513
20140514
20140515
20140516
20140517
20140518
20140519
20140520
20140521
20140522
20140523
20140524
20140525
20140526
20140527
20140528
20140529
20140530
20140531
20140601
20140602
20140603
20140604
20140605
20140606
20140607
20140608
20140609
20140610
20140611
20140612
20140613
20140614
20140615
20140616
20140617
20140618
20140619
20140620
20140621
20140622
20140623
20140624
20140625
20140626
20140627
20140628
20140629
20140630
20140631
20140701
20140702
20140703
20140704
20140705
20140706
20140707
20140708
20140709
20140710
20140711
20140712
20140713
20140714
20140715
20140716
20140717
20140718
20140719
20140720
20140721
20140722
20140723
20140724
20140725
20140726
20140727
20140728
20140729
20140730
20140731
20140801
20140802
20140803
20140804
20140805
20140806
20140807
20140808
20140809
20140810
20140811
20140812
20140813
20140814
20140815
20140816
20140817
20140818
20140819
20140820
20140821
20140822
20140823
20140824
20140825
20140826
20140827
20140828
20140829
20140830
20140831
20140901
20140902
20140903
20140904
20140905
20140906
20140907
20140908
20140909
20140910
20140911
20140912
20140913
20140914
20140915
20140916
20140917
20140918
20140919
20140920
20140921
20140922
20140923
20140924
20140925
20140926
20140927
20140928
20140929
20140930
20140931
20141001
20141002
20141003
20141004
20141005
20141006
20141007
20141008
20141009
20141010
20141011
20141012
20141013
20141014
20141015
20141016
20141017
20141018
20141019
20141020
20141021
20141022
20141023
20141024
20141025
20141026
20141027
20141028
20141029
20141030
20141031
20141101
20141102
20141103
20141104
20141105
20141106
20141107
20141108
20141109
20141110
20141111
20141112
20141113
20141114
20141115
20141116
20141117
20141118
20141119
20141120
20141121
20141122
20141123
20141124
20141125
20141126
20141127
20141128
20141129
20141130
20141131
20141201
20141202
20141203
20141204
20141205
20141206
20141207
20141208
20141209
20141210
20141211
20141212
20141213
20141214
20141215
20141216
20141217
20141218
20141219
20141220
20141221
20141222
20141223
20141224
20141225
20141226
20141227
20141228
20141229
20141230
20141231
20150101
20150102
20150103
20150104
20150105
20150106
20150107
20150108
20150109
20150110
20150111
20150112
20150113
20150114
20150115
20150116
20150117
20150118
20150119
20150120
20150121
20150122
20150123
20150124
20150125
20150126
20150127
20150128
20150129
20150130
20150131
20150201
20150202
20150203
20150204
20150205
20150206
20150207
20150208
20150209
20150210
20150211
20150212
20150213
20150214
20150215
20150216
20150217
20150218
20150219
20150220
20150221
20150222
20150223
20150224
20150225
20150226
20150227
20150228
20150229
20150230
20150231
20150301
20150302
20150303
20150304
20150305
20150306
20150307
20150308
20150309
20150310
20150311
20150312
20150313
20150314
20150315
20150316
20150317
20150318
20150319
20150320
20150321
20150322
20150323
20150324
20150325
20150326
20150327
20150328
20150329
20150330
20150331
20150401
20150402
20150403
20150404
20150405
20150406
20150407
20150408
20150409
20150410
20150411
20150412
20150413
20150414
20150415
20150416
20150417
20150418
20150419
20150420
20150421
20150422
20150423
20150424
20150425
20150426
20150427
20150428
20150429
20150430
20150431
20150501
20150502
20150503
20150504
20150505
20150506
20150507
20150508
20150509
20150510
20150511
20150512
20150513
20150514
20150515
20150516
20150517
20150518
20150519
20150520
20150521
20150522
20150523
20150524
20150525
20150526
20150527
20150528
20150529
20150530
20150531
20150601
20150602
20150603
20150604
20150605
20150606
20150607
20150608
20150609
20150610
20150611
20150612
20150613
20150614
20150615
20150616
20150617
20150618
20150619
20150620
20150621
20150622
20150623
20150624
20150625
20150626
20150627
20150628
20150629
20150630
20150631
20150701
20150702
20150703
20150704
20150705
20150706
20150707
20150708
20150709
20150710
20150711
20150712
20150713
20150714
20150715
20150716
20150717
20150718
20150719
20150720
20150721
20150722
20150723
20150724
20150725
20150726
20150727
20150728
20150729
20150730
20150731
20150801
20150802
20150803
20150804
20150805
20150806
20150807
20150808
20150809
20150810
20150811
20150812
20150813
20150814
20150815
20150816
20150817
20150818
20150819
20150820
20150821
20150822
20150823
20150824
20150825
20150826
20150827
20150828
20150829
20150830
20150831
20150901
20150902
20150903
20150904
20150905
20150906
20150907
20150908
20150909
20150910
20150911
20150912
20150913
20150914
20150915
20150916
20150917
20150918
20150919
20150920
20150921
20150922
20150923
20150924
20150925
20150926
20150927
20150928
20150929
20150930
20150931
20151001
20151002
20151003
20151004
20151005
20151006
20151007
20151008
20151009
20151010
20151011
20151012
20151013
20151014
20151015
20151016
20151017
20151018
20151019
20151020
20151021
20151022
20151023
20151024
20151025
20151026
20151027
20151028
20151029
20151030
20151031
20151101
20151102
20151103
20151104
20151105
20151106
20151107
20151108
20151109
20151110
20151111
20151112
20151113
20151114
20151115
20151116
20151117
20151118
20151119
20151120
20151121
20151122
20151123
20151124
20151125
20151126
20151127
20151128
20151129
20151130
20151131
20151201
20151202
20151203
20151204
20151205
20151206
20151207
20151208
20151209
20151210
20151211
20151212
20151213
20151214
20151215
20151216
20151217
20151218
20151219
20151220
20151221
20151222
20151223
20151224
20151225
20151226
20151227
20151228
20151229
20151230
20151231
20160101
20160102
20160103
20160104
20160105
20160106
20160107
20160108
20160109
20160110
20160111
20160112
20160113
20160114
20160115
20160116
20160117
20160118
20160119
20160120
20160121
20160122
20160123
20160124
20160125
20160126
20160127
20160128
20160129
20160130
20160131
20160201
20160202
20160203
20160204
20160205
20160206
20160207
20160208
20160209
20160210
20160211
20160212
20160213
20160214
20160215
20160216
20160217
20160218
20160219
20160220
20160221
20160222
20160223
20160224
20160225
20160226
20160227
20160228
20160229
20160230
20160231
20160301
20160302
20160303
20160304
20160305
20160306
20160307
20160308
20160309
20160310
20160311
20160312
20160313
20160314
20160315
20160316
20160317
20160318
20160319
20160320
20160321
20160322
20160323
20160324
20160325
20160326
20160327
20160328
20160329
20160330
20160331
20160401
20160402
20160403
20160404
20160405
20160406
20160407
20160408
20160409
20160410
20160411
20160412
20160413
20160414
20160415
20160416
20160417
20160418
20160419
20160420
20160421
20160422
20160423
20160424
20160425
20160426
20160427
20160428
20160429
20160430
20160431
20160501
20160502
20160503
20160504
20160505
20160506
20160507
20160508
20160509
20160510
20160511
20160512
20160513
20160514
20160515
20160516
20160517
20160518
20160519
20160520
20160521
20160522
20160523
20160524
20160525
20160526
20160527
20160528
20160529
20160530
20160531
20160601
20160602
20160603
20160604
20160605
20160606
20160607
20160608
20160609
20160610
20160611
20160612
20160613
20160614
20160615
20160616
20160617
20160618
20160619
20160620
20160621
20160622
20160623
20160624
20160625
20160626
20160627
20160628
20160629
20160630
20160631
20160701
20160702
20160703
20160704
20160705
20160706
20160707
20160708
20160709
20160710
20160711
20160712
20160713
20160714
20160715
20160716
20160717
20160718
20160719
20160720
20160721
20160722
20160723
20160724
20160725
20160726
20160727
20160728
20160729
20160730
20160731
20160801
20160802
20160803
20160804
20160805
20160806
20160807
20160808
20160809
20160810
20160811
20160812
20160813
20160814
20160815
20160816
20160817
20160818
20160819
20160820
20160821
20160822
20160823
20160824
20160825
20160826
20160827
20160828
20160829
20160830
20160831
20160901
20160902
20160903
20160904
20160905
20160906
20160907
20160908
20160909
20160910
20160911
20160912
20160913
20160914
20160915
20160916
20160917
20160918
20160919
20160920
20160921
20160922
20160923
20160924
20160925
20160926
20160927
20160928
20160929
20160930
20160931
20161001
20161002
20161003
20161004
20161005
20161006
20161007
20161008
20161009
20161010
20161011
20161012
20161013
20161014
20161015
20161016
20161017
20161018
20161019
20161020
20161021
20161022
20161023
20161024
20161025
20161026
20161027
20161028
20161029
20161030
20161031
20161101
20161102
20161103
20161104
20161105
20161106
20161107
20161108
20161109
20161110
20161111
20161112
20161113
20161114
20161115
20161116
20161117
20161118
20161119
20161120
20161121
20161122
20161123
20161124
20161125
20161126
20161127
20161128
20161129
20161130
20161131
20161201
20161202
20161203
20161204
20161205
20161206
20161207
20161208
20161209
20161210
20161211
20161212
20161213
20161214
20161215
20161216
20161217
20161218
20161219
20161220
20161221
20161222
20161223
20161224
20161225
20161226
20161227
20161228
20161229
20161230
20161231
20170101
20170102
20170103
20170104
20170105
20170106
20170107
20170108
20170109
20170110
20170111
20170112
20170113
20170114
20170115
20170116
20170117
20170118
20170119
20170120
20170121
20170122
20170123
20170124
20170125
20170126
20170127
20170128
20170129
20170130
20170131
20170201
20170202
20170203
20170204
20170205
20170206
20170207
20170208
20170209
20170210
20170211
20170212
20170213
20170214
20170215
20170216
20170217
20170218
20170219
20170220
20170221
20170222
20170223
20170224
20170225
20170226
20170227
20170228
20170229
20170230
20170231
20170301
20170302
20170303
20170304
20170305
20170306
20170307
20170308
20170309
20170310
20170311
20170312
20170313
20170314
20170315
20170316
20170317
20170318
20170319
20170320
20170321
20170322
20170323
20170324
20170325
20170326
20170327
20170328
20170329
20170330
20170331
20170401
20170402
20170403
20170404
20170405
20170406
20170407
20170408
20170409
20170410
20170411
20170412
20170413
20170414
20170415
20170416
20170417
20170418
20170419
20170420
20170421
20170422
20170423
20170424
20170425
20170426
20170427
20170428
20170429
20170430
20170431
20170501
20170502
20170503
20170504
20170505
20170506
20170507
20170508
20170509
20170510
20170511
20170512
20170513
20170514
20170515
20170516
20170517
20170518
20170519
20170520
20170521
20170522
20170523
20170524
20170525
20170526
20170527
20170528
20170529
20170530
20170531
20170601
20170602
20170603
20170604
20170605
20170606
20170607
20170608
20170609
20170610
20170611
20170612
20170613
20170614
20170615
20170616
20170617
20170618
20170619
20170620
20170621
20170622
20170623
20170624
20170625
20170626
20170627
20170628
20170629
20170630
20170631
20170701
20170702
20170703
20170704
20170705
20170706
20170707
20170708
20170709
20170710
20170711
20170712
20170713
20170714
20170715
20170716
20170717
20170718
20170719
20170720
20170721
20170722
20170723
20170724
20170725
20170726
20170727
20170728
20170729
20170730
20170731
20170801
20170802
20170803
20170804
20170805
20170806
20170807
20170808
20170809
20170810
20170811
20170812
20170813
20170814
20170815
20170816
20170817
20170818
20170819
20170820
20170821
20170822
20170823
20170824
20170825
20170826
20170827
20170828
20170829
20170830
20170831
20170901
20170902
20170903
20170904
20170905
20170906
20170907
20170908
20170909
20170910
20170911
20170912
20170913
20170914
20170915
20170916
20170917
20170918
20170919
20170920
20170921
20170922
20170923
20170924
20170925
20170926
20170927
20170928
20170929
20170930
20170931
20171001
20171002
20171003
20171004
20171005
20171006
20171007
20171008
20171009
20171010
20171011
20171012
20171013
20171014
20171015
20171016
20171017
20171018
20171019
20171020
20171021
20171022
20171023
20171024
20171025
20171026
20171027
20171028
20171029
20171030
20171031
20171101
20171102
20171103
20171104
20171105
20171106
20171107
20171108
20171109
20171110
20171111
20171112
20171113
20171114
20171115
20171116
20171117
20171118
20171119
20171120
20171121
20171122
20171123
20171124
20171125
20171126
20171127
20171128
20171129
20171130
20171131
20171201
20171202
20171203
20171204
20171205
20171206
20171207
20171208
20171209
20171210
20171211
20171212
20171213
20171214
20171215
20171216
20171217
20171218
20171219
20171220
20171221
20171222
20171223
20171224
20171225
20171226
20171227
20171228
20171229
20171230
20171231
20180101
20180102
20180103
20180104
20180105
20180106
20180107
20180108
20180109
20180110
20180111
20180112
20180113
20180114
20180115
20180116
20180117
20180118
20180119
20180120
20180121
20180122
20180123
20180124
20180125
20180126
20180127
20180128
20180129
20180130
20180131
20180201
20180202
20180203
20180204
20180205
20180206
20180207
20180208
20180209
20180210
20180211
20180212
20180213
20180214
20180215
20180216
20180217
20180218
20180219
20180220
20180221
20180222
20180223
20180224
20180225
20180226
20180227
20180228
20180229
20180230
20180231
20180301
20180302
20180303
20180304
20180305
20180306
20180307
20180308
20180309
20180310
20180311
20180312
20180313
20180314
20180315
20180316
20180317
20180318
20180319
20180320
20180321
20180322
20180323
20180324
20180325
20180326
20180327
20180328
20180329
20180330
20180331
20180401
20180402
20180403
20180404
20180405
20180406
20180407
20180408
20180409
20180410
20180411
20180412
20180413
20180414
20180415
20180416
20180417
20180418
20180419
20180420
20180421
20180422
20180423
20180424
20180425
20180426
20180427
20180428
20180429
20180430
20180431
20180501
20180502
20180503
20180504
20180505
20180506
20180507
20180508
20180509
20180510
20180511
20180512
20180513
20180514
20180515
20180516
20180517
20180518
20180519
20180520
20180521
20180522
20180523
20180524
20180525
20180526
20180527
20180528
20180529
20180530
20180531
20180601
20180602
20180603
20180604
20180605
20180606
20180607
20180608
20180609
20180610
20180611
20180612
20180613
20180614
20180615
20180616
20180617
20180618
20180619
20180620
20180621
20180622
20180623
20180624
20180625
20180626
20180627
20180628
20180629
20180630
20180631
20180701
20180702
20180703
20180704
20180705
20180706
20180707
20180708
20180709
20180710
20180711
20180712
20180713
20180714
20180715
20180716
20180717
20180718
20180719
20180720
20180721
20180722
20180723
20180724
20180725
20180726
20180727
20180728
20180729
20180730
20180731
20180801
20180802
20180803
20180804
20180805
20180806
20180807
20180808
20180809
20180810
20180811
20180812
20180813
20180814
20180815
20180816
20180817
20180818
20180819
20180820
20180821
20180822
20180823
20180824
20180825
20180826
20180827
20180828
20180829
20180830
20180831
20180901
20180902
20180903
20180904
20180905
20180906
20180907
20180908
20180909
20180910
20180911
20180912
20180913
20180914
20180915
20180916
20180917
20180918
20180919
20180920
20180921
20180922
20180923
20180924
20180925
20180926
20180927
20180928
20180929
20180930
20180931
20181001
20181002
20181003
20181004
20181005
20181006
20181007
20181008
20181009
20181010
20181011
20181012
20181013
20181014
20181015
20181016
20181017
20181018
20181019
20181020
20181021
20181022
20181023
20181024
20181025
20181026
20181027
20181028
20181029
20181030
20181031
20181101
20181102
20181103
20181104
20181105
20181106
20181107
20181108
20181109
20181110
20181111
20181112
20181113
20181114
20181115
20181116
20181117
20181118
20181119
20181120
20181121
20181122
20181123
20181124
20181125
20181126
20181127
20181128
20181129
20181130
20181131
20181201
20181202
20181203
20181204
20181205
20181206
20181207
20181208
20181209
20181210
20181211
20181212
20181213
20181214
20181215
20181216
20181217
20181218
20181219
20181220
20181221
20181222
20181223
20181224
20181225
20181226
20181227
20181228
20181229
20181230
20181231
20190101
20190102
20190103
20190104
20190105
20190106
20190107
20190108
20190109
20190110
20190111
20190112
20190113
20190114
20190115
20190116
20190117
20190118
20190119
20190120
20190121
20190122
20190123
20190124
20190125
20190126
20190127
20190128
20190129
20190130
20190131
20190201
20190202
20190203
20190204
20190205
20190206
20190207
20190208
20190209
20190210
20190211
20190212
20190213
20190214
20190215
20190216
20190217
20190218
20190219
20190220
20190221
20190222
20190223
20190224
20190225
20190226
20190227
20190228
20190229
20190230
20190231
20190301
20190302
20190303
20190304
20190305
20190306
20190307
20190308
20190309
20190310
20190311
20190312
20190313
20190314
20190315
20190316
20190317
20190318
20190319
20190320
20190321
20190322
20190323
20190324
20190325
20190326
20190327
20190328
20190329
20190330
20190331
20190401
20190402
20190403
20190404
20190405
20190406
20190407
20190408
20190409
20190410
20190411
20190412
20190413
20190414
20190415
20190416
20190417
20190418
20190419
20190420
20190421
20190422
20190423
20190424
20190425
20190426
20190427
20190428
20190429
20190430
20190431
20190501
20190502
20190503
20190504
20190505
20190506
20190507
20190508
20190509
20190510
20190511
20190512
20190513
20190514
20190515
20190516
20190517
20190518
20190519
20190520
20190521
20190522
20190523
20190524
20190525
20190526
20190527
20190528
20190529
20190530
20190531
20190601
20190602
20190603
20190604
20190605
20190606
20190607
20190608
20190609
20190610
20190611
20190612
20190613
20190614
20190615
20190616
20190617
20190618
20190619
20190620
20190621
20190622
20190623
20190624
20190625
20190626
20190627
20190628
20190629
20190630
20190631
20190701
20190702
20190703
20190704
20190705
20190706
20190707
20190708
20190709
20190710
20190711
20190712
20190713
20190714
20190715
20190716
20190717
20190718
20190719
20190720
20190721
20190722
20190723
20190724
20190725
20190726
20190727
20190728
20190729
20190730
20190731
20190801
20190802
20190803
20190804
20190805
20190806
20190807
20190808
20190809
20190810
20190811
20190812
20190813
20190814
20190815
20190816
20190817
20190818
20190819
20190820
20190821
20190822
20190823
20190824
20190825
20190826
20190827
20190828
20190829
20190830
20190831
20190901
20190902
20190903
20190904
20190905
20190906
20190907
20190908
20190909
20190910
20190911
20190912
20190913
20190914
20190915
20190916
20190917
20190918
20190919
20190920
20190921
20190922
20190923
20190924
20190925
20190926
20190927
20190928
20190929
20190930
20190931
20191001
20191002
20191003
20191004
20191005
20191006
20191007
20191008
20191009
20191010
20191011
20191012
20191013
20191014
20191015
20191016
20191017
20191018
20191019
20191020
20191021
20191022
20191023
20191024
20191025
20191026
20191027
20191028
20191029
20191030
20191031
20191101
20191102
20191103
20191104
20191105
20191106
20191107
20191108
20191109
20191110
20191111
20191112
20191113
20191114
20191115
20191116
20191117
20191118
20191119
20191120
20191121
20191122
20191123
20191124
20191125
20191126
20191127
20191128
20191129
20191130
20191131
20191201
20191202
20191203
20191204
20191205
20191206
20191207
20191208
20191209
20191210
20191211
20191212
20191213
20191214
20191215
20191216
20191217
20191218
20191219
20191220
20191221
20191222
20191223
20191224
20191225
20191226
20191227
20191228
20191229
20191230
20191231
202019500101
202019500102
202019500103
202019500104
202019500105
202019500106
202019500107
202019500108
202019500109
202019500110
202019500111
202019500112
202019500113
202019500114
202019500115
202019500116
202019500117
202019500118
202019500119
202019500120
202019500121
202019500122
202019500123
202019500124
202019500125
202019500126
202019500127
202019500128
202019500129
202019500130
202019500131
202019500201
202019500202
202019500203
202019500204
202019500205
202019500206
202019500207
202019500208
202019500209
202019500210
202019500211
202019500212
202019500213
202019500214
202019500215
202019500216
202019500217
202019500218
202019500219
202019500220
202019500221
202019500222
202019500223
202019500224
202019500225
202019500226
202019500227
202019500228
202019500229
202019500230
202019500231
202019500301
202019500302
202019500303
202019500304
202019500305
202019500306
202019500307
202019500308
202019500309
202019500310
202019500311
202019500312
202019500313
202019500314
202019500315
202019500316
202019500317
202019500318
202019500319
202019500320
202019500321
202019500322
202019500323
202019500324
202019500325
202019500326
202019500327
202019500328
202019500329
202019500330
202019500331
202019500401
202019500402
202019500403
202019500404
202019500405
202019500406
202019500407
202019500408
202019500409
202019500410
202019500411
202019500412
202019500413
202019500414
202019500415
202019500416
202019500417
202019500418
202019500419
202019500420
202019500421
202019500422
202019500423
202019500424
202019500425
202019500426
202019500427
202019500428
202019500429
202019500430
202019500431
202019500501
202019500502
202019500503
202019500504
202019500505
202019500506
202019500507
202019500508
202019500509
202019500510
202019500511
202019500512
202019500513
202019500514
202019500515
202019500516
202019500517
202019500518
202019500519
202019500520
202019500521
202019500522
202019500523
202019500524
202019500525
202019500526
202019500527
202019500528
202019500529
202019500530
202019500531
202019500601
202019500602
202019500603
202019500604
202019500605
202019500606
202019500607
202019500608
202019500609
202019500610
202019500611
202019500612
202019500613
202019500614
202019500615
202019500616
202019500617
202019500618
202019500619
202019500620
202019500621
202019500622
202019500623
202019500624
202019500625
202019500626
202019500627
202019500628
202019500629
202019500630
202019500631
202019500701
202019500702
202019500703
202019500704
202019500705
202019500706
202019500707
202019500708
202019500709
202019500710
202019500711
202019500712
202019500713
202019500714
202019500715
202019500716
202019500717
202019500718
202019500719
202019500720
202019500721
202019500722
202019500723
202019500724
202019500725
202019500726
202019500727
202019500728
202019500729
202019500730
202019500731
202019500801
202019500802
202019500803
202019500804
202019500805
202019500806
202019500807
202019500808
202019500809
202019500810
202019500811
202019500812
202019500813
202019500814
202019500815
202019500816
202019500817
202019500818
202019500819
202019500820
202019500821
202019500822
202019500823
202019500824
202019500825
202019500826
202019500827
202019500828
202019500829
202019500830
202019500831
202019500901
202019500902
202019500903
202019500904
202019500905
202019500906
202019500907
202019500908
202019500909
202019500910
202019500911
202019500912
202019500913
202019500914
202019500915
202019500916
202019500917
202019500918
202019500919
202019500920
202019500921
202019500922
202019500923
202019500924
202019500925
202019500926
202019500927
202019500928
202019500929
202019500930
202019500931
202019501001
202019501002
202019501003
202019501004
202019501005
202019501006
202019501007
202019501008
202019501009
202019501010
202019501011
202019501012
202019501013
202019501014
202019501015
202019501016
202019501017
202019501018
202019501019
202019501020
202019501021
202019501022
202019501023
202019501024
202019501025
202019501026
202019501027
202019501028
202019501029
202019501030
202019501031
202019501101
202019501102
202019501103
202019501104
202019501105
202019501106
202019501107
202019501108
202019501109
202019501110
202019501111
202019501112
202019501113
202019501114
202019501115
202019501116
202019501117
202019501118
202019501119
202019501120
202019501121
202019501122
202019501123
202019501124
202019501125
202019501126
202019501127
202019501128
202019501129
202019501130
202019501131
202019501201
202019501202
202019501203
202019501204
202019501205
202019501206
202019501207
202019501208
202019501209
202019501210
202019501211
202019501212
202019501213
202019501214
202019501215
202019501216
202019501217
202019501218
202019501219
202019501220
202019501221
202019501222
202019501223
202019501224
202019501225
202019501226
202019501227
202019501228
202019501229
202019501230
202019501231
19510101
19510102
19510103
19510104
19510105
19510106
19510107
19510108
19510109
19510110
19510111
19510112
19510113
19510114
19510115
19510116
19510117
19510118
19510119
19510120
19510121
19510122
19510123
19510124
19510125
19510126
19510127
19510128
19510129
19510130
19510131
19510201
19510202
19510203
19510204
19510205
19510206
19510207
19510208
19510209
19510210
19510211
19510212
19510213
19510214
19510215
19510216
19510217
19510218
19510219
19510220
19510221
19510222
19510223
19510224
19510225
19510226
19510227
19510228
19510229
19510230
19510231
19510301
19510302
19510303
19510304
19510305
19510306
19510307
19510308
19510309
19510310
19510311
19510312
19510313
19510314
19510315
19510316
19510317
19510318
19510319
19510320
19510321
19510322
19510323
19510324
19510325
19510326
19510327
19510328
19510329
19510330
19510331
19510401
19510402
19510403
19510404
19510405
19510406
19510407
19510408
19510409
19510410
19510411
19510412
19510413
19510414
19510415
19510416
19510417
19510418
19510419
19510420
19510421
19510422
19510423
19510424
19510425
19510426
19510427
19510428
19510429
19510430
19510431
19510501
19510502
19510503
19510504
19510505
19510506
19510507
19510508
19510509
19510510
19510511
19510512
19510513
19510514
19510515
19510516
19510517
19510518
19510519
19510520
19510521
19510522
19510523
19510524
19510525
19510526
19510527
19510528
19510529
19510530
19510531
19510601
19510602
19510603
19510604
19510605
19510606
19510607
19510608
19510609
19510610
19510611
19510612
19510613
19510614
19510615
19510616
19510617
19510618
19510619
19510620
19510621
19510622
19510623
19510624
19510625
19510626
19510627
19510628
19510629
19510630
19510631
19510701
19510702
19510703
19510704
19510705
19510706
19510707
19510708
19510709
19510710
19510711
19510712
19510713
19510714
19510715
19510716
19510717
19510718
19510719
19510720
19510721
19510722
19510723
19510724
19510725
19510726
19510727
19510728
19510729
19510730
19510731
19510801
19510802
19510803
19510804
19510805
19510806
19510807
19510808
19510809
19510810
19510811
19510812
19510813
19510814
19510815
19510816
19510817
19510818
19510819
19510820
19510821
19510822
19510823
19510824
19510825
19510826
19510827
19510828
19510829
19510830
19510831
19510901
19510902
19510903
19510904
19510905
19510906
19510907
19510908
19510909
19510910
19510911
19510912
19510913
19510914
19510915
19510916
19510917
19510918
19510919
19510920
19510921
19510922
19510923
19510924
19510925
19510926
19510927
19510928
19510929
19510930
19510931
19511001
19511002
19511003
19511004
19511005
19511006
19511007
19511008
19511009
19511010
19511011
19511012
19511013
19511014
19511015
19511016
19511017
19511018
19511019
19511020
19511021
19511022
19511023
19511024
19511025
19511026
19511027
19511028
19511029
19511030
19511031
19511101
19511102
19511103
19511104
19511105
19511106
19511107
19511108
19511109
19511110
19511111
19511112
19511113
19511114
19511115
19511116
19511117
19511118
19511119
19511120
19511121
19511122
19511123
19511124
19511125
19511126
19511127
19511128
19511129
19511130
19511131
19511201
19511202
19511203
19511204
19511205
19511206
19511207
19511208
19511209
19511210
19511211
19511212
19511213
19511214
19511215
19511216
19511217
19511218
19511219
19511220
19511221
19511222
19511223
19511224
19511225
19511226
19511227
19511228
19511229
19511230
19511231
19520101
19520102
19520103
19520104
19520105
19520106
19520107
19520108
19520109
19520110
19520111
19520112
19520113
19520114
19520115
19520116
19520117
19520118
19520119
19520120
19520121
19520122
19520123
19520124
19520125
19520126
19520127
19520128
19520129
19520130
19520131
19520201
19520202
19520203
19520204
19520205
19520206
19520207
19520208
19520209
19520210
19520211
19520212
19520213
19520214
19520215
19520216
19520217
19520218
19520219
19520220
19520221
19520222
19520223
19520224
19520225
19520226
19520227
19520228
19520229
19520230
19520231
19520301
19520302
19520303
19520304
19520305
19520306
19520307
19520308
19520309
19520310
19520311
19520312
19520313
19520314
19520315
19520316
19520317
19520318
19520319
19520320
19520321
19520322
19520323
19520324
19520325
19520326
19520327
19520328
19520329
19520330
19520331
19520401
19520402
19520403
19520404
19520405
19520406
19520407
19520408
19520409
19520410
19520411
19520412
19520413
19520414
19520415
19520416
19520417
19520418
19520419
19520420
19520421
19520422
19520423
19520424
19520425
19520426
19520427
19520428
19520429
19520430
19520431
19520501
19520502
19520503
19520504
19520505
19520506
19520507
19520508
19520509
19520510
19520511
19520512
19520513
19520514
19520515
19520516
19520517
19520518
19520519
19520520
19520521
19520522
19520523
19520524
19520525
19520526
19520527
19520528
19520529
19520530
19520531
19520601
19520602
19520603
19520604
19520605
19520606
19520607
19520608
19520609
19520610
19520611
19520612
19520613
19520614
19520615
19520616
19520617
19520618
19520619
19520620
19520621
19520622
19520623
19520624
19520625
19520626
19520627
19520628
19520629
19520630
19520631
19520701
19520702
19520703
19520704
19520705
19520706
19520707
19520708
19520709
19520710
19520711
19520712
19520713
19520714
19520715
19520716
19520717
19520718
19520719
19520720
19520721
19520722
19520723
19520724
19520725
19520726
19520727
19520728
19520729
19520730
19520731
19520801
19520802
19520803
19520804
19520805
19520806
19520807
19520808
19520809
19520810
19520811
19520812
19520813
19520814
19520815
19520816
19520817
19520818
19520819
19520820
19520821
19520822
19520823
19520824
19520825
19520826
19520827
19520828
19520829
19520830
19520831
19520901
19520902
19520903
19520904
19520905
19520906
19520907
19520908
19520909
19520910
19520911
19520912
19520913
19520914
19520915
19520916
19520917
19520918
19520919
19520920
19520921
19520922
19520923
19520924
19520925
19520926
19520927
19520928
19520929
19520930
19520931
19521001
19521002
19521003
19521004
19521005
19521006
19521007
19521008
19521009
19521010
19521011
19521012
19521013
19521014
19521015
19521016
19521017
19521018
19521019
19521020
19521021
19521022
19521023
19521024
19521025
19521026
19521027
19521028
19521029
19521030
19521031
19521101
19521102
19521103
19521104
19521105
19521106
19521107
19521108
19521109
19521110
19521111
19521112
19521113
19521114
19521115
19521116
19521117
19521118
19521119
19521120
19521121
19521122
19521123
19521124
19521125
19521126
19521127
19521128
19521129
19521130
19521131
19521201
19521202
19521203
19521204
19521205
19521206
19521207
19521208
19521209
19521210
19521211
19521212
19521213
19521214
19521215
19521216
19521217
19521218
19521219
19521220
19521221
19521222
19521223
19521224
19521225
19521226
19521227
19521228
19521229
19521230
19521231
19530101
19530102
19530103
19530104
19530105
19530106
19530107
19530108
19530109
19530110
19530111
19530112
19530113
19530114
19530115
19530116
19530117
19530118
19530119
19530120
19530121
19530122
19530123
19530124
19530125
19530126
19530127
19530128
19530129
19530130
19530131
19530201
19530202
19530203
19530204
19530205
19530206
19530207
19530208
19530209
19530210
19530211
19530212
19530213
19530214
19530215
19530216
19530217
19530218
19530219
19530220
19530221
19530222
19530223
19530224
19530225
19530226
19530227
19530228
19530229
19530230
19530231
19530301
19530302
19530303
19530304
19530305
19530306
19530307
19530308
19530309
19530310
19530311
19530312
19530313
19530314
19530315
19530316
19530317
19530318
19530319
19530320
19530321
19530322
19530323
19530324
19530325
19530326
19530327
19530328
19530329
19530330
19530331
19530401
19530402
19530403
19530404
19530405
19530406
19530407
19530408
19530409
19530410
19530411
19530412
19530413
19530414
19530415
19530416
19530417
19530418
19530419
19530420
19530421
19530422
19530423
19530424
19530425
19530426
19530427
19530428
19530429
19530430
19530431
19530501
19530502
19530503
19530504
19530505
19530506
19530507
19530508
19530509
19530510
19530511
19530512
19530513
19530514
19530515
19530516
19530517
19530518
19530519
19530520
19530521
19530522
19530523
19530524
19530525
19530526
19530527
19530528
19530529
19530530
19530531
19530601
19530602
19530603
19530604
19530605
19530606
19530607
19530608
19530609
19530610
19530611
19530612
19530613
19530614
19530615
19530616
19530617
19530618
19530619
19530620
19530621
19530622
19530623
19530624
19530625
19530626
19530627
19530628
19530629
19530630
19530631
19530701
19530702
19530703
19530704
19530705
19530706
19530707
19530708
19530709
19530710
19530711
19530712
19530713
19530714
19530715
19530716
19530717
19530718
19530719
19530720
19530721
19530722
19530723
19530724
19530725
19530726
19530727
19530728
19530729
19530730
19530731
19530801
19530802
19530803
19530804
19530805
19530806
19530807
19530808
19530809
19530810
19530811
19530812
19530813
19530814
19530815
19530816
19530817
19530818
19530819
19530820
19530821
19530822
19530823
19530824
19530825
19530826
19530827
19530828
19530829
19530830
19530831
19530901
19530902
19530903
19530904
19530905
19530906
19530907
19530908
19530909
19530910
19530911
19530912
19530913
19530914
19530915
19530916
19530917
19530918
19530919
19530920
19530921
19530922
19530923
19530924
19530925
19530926
19530927
19530928
19530929
19530930
19530931
19531001
19531002
19531003
19531004
19531005
19531006
19531007
19531008
19531009
19531010
19531011
19531012
19531013
19531014
19531015
19531016
19531017
19531018
19531019
19531020
19531021
19531022
19531023
19531024
19531025
19531026
19531027
19531028
19531029
19531030
19531031
19531101
19531102
19531103
19531104
19531105
19531106
19531107
19531108
19531109
19531110
19531111
19531112
19531113
19531114
19531115
19531116
19531117
19531118
19531119
19531120
19531121
19531122
19531123
19531124
19531125
19531126
19531127
19531128
19531129
19531130
19531131
19531201
19531202
19531203
19531204
19531205
19531206
19531207
19531208
19531209
19531210
19531211
19531212
19531213
19531214
19531215
19531216
19531217
19531218
19531219
19531220
19531221
19531222
19531223
19531224
19531225
19531226
19531227
19531228
19531229
19531230
19531231
19540101
19540102
19540103
19540104
19540105
19540106
19540107
19540108
19540109
19540110
19540111
19540112
19540113
19540114
19540115
19540116
19540117
19540118
19540119
19540120
19540121
19540122
19540123
19540124
19540125
19540126
19540127
19540128
19540129
19540130
19540131
19540201
19540202
19540203
19540204
19540205
19540206
19540207
19540208
19540209
19540210
19540211
19540212
19540213
19540214
19540215
19540216
19540217
19540218
19540219
19540220
19540221
19540222
19540223
19540224
19540225
19540226
19540227
19540228
19540229
19540230
19540231
19540301
19540302
19540303
19540304
19540305
19540306
19540307
19540308
19540309
19540310
19540311
19540312
19540313
19540314
19540315
19540316
19540317
19540318
19540319
19540320
19540321
19540322
19540323
19540324
19540325
19540326
19540327
19540328
19540329
19540330
19540331
19540401
19540402
19540403
19540404
19540405
19540406
19540407
19540408
19540409
19540410
19540411
19540412
19540413
19540414
19540415
19540416
19540417
19540418
19540419
19540420
19540421
19540422
19540423
19540424
19540425
19540426
19540427
19540428
19540429
19540430
19540431
19540501
19540502
19540503
19540504
19540505
19540506
19540507
19540508
19540509
19540510
19540511
19540512
19540513
19540514
19540515
19540516
19540517
19540518
19540519
19540520
19540521
19540522
19540523
19540524
19540525
19540526
19540527
19540528
19540529
19540530
19540531
19540601
19540602
19540603
19540604
19540605
19540606
19540607
19540608
19540609
19540610
19540611
19540612
19540613
19540614
19540615
19540616
19540617
19540618
19540619
19540620
19540621
19540622
19540623
19540624
19540625
19540626
19540627
19540628
19540629
19540630
19540631
19540701
19540702
19540703
19540704
19540705
19540706
19540707
19540708
19540709
19540710
19540711
19540712
19540713
19540714
19540715
19540716
19540717
19540718
19540719
19540720
19540721
19540722
19540723
19540724
19540725
19540726
19540727
19540728
19540729
19540730
19540731
19540801
19540802
19540803
19540804
19540805
19540806
19540807
19540808
19540809
19540810
19540811
19540812
19540813
19540814
19540815
19540816
19540817
19540818
19540819
19540820
19540821
19540822
19540823
19540824
19540825
19540826
19540827
19540828
19540829
19540830
19540831
19540901
19540902
19540903
19540904
19540905
19540906
19540907
19540908
19540909
19540910
19540911
19540912
19540913
19540914
19540915
19540916
19540917
19540918
19540919
19540920
19540921
19540922
19540923
19540924
19540925
19540926
19540927
19540928
19540929
19540930
19540931
19541001
19541002
19541003
19541004
19541005
19541006
19541007
19541008
19541009
19541010
19541011
19541012
19541013
19541014
19541015
19541016
19541017
19541018
19541019
19541020
19541021
19541022
19541023
19541024
19541025
19541026
19541027
19541028
19541029
19541030
19541031
19541101
19541102
19541103
19541104
19541105
19541106
19541107
19541108
19541109
19541110
19541111
19541112
19541113
19541114
19541115
19541116
19541117
19541118
19541119
19541120
19541121
19541122
19541123
19541124
19541125
19541126
19541127
19541128
19541129
19541130
19541131
19541201
19541202
19541203
19541204
19541205
19541206
19541207
19541208
19541209
19541210
19541211
19541212
19541213
19541214
19541215
19541216
19541217
19541218
19541219
19541220
19541221
19541222
19541223
19541224
19541225
19541226
19541227
19541228
19541229
19541230
19541231
19550101
19550102
19550103
19550104
19550105
19550106
19550107
19550108
19550109
19550110
19550111
19550112
19550113
19550114
19550115
19550116
19550117
19550118
19550119
19550120
19550121
19550122
19550123
19550124
19550125
19550126
19550127
19550128
19550129
19550130
19550131
19550201
19550202
19550203
19550204
19550205
19550206
19550207
19550208
19550209
19550210
19550211
19550212
19550213
19550214
19550215
19550216
19550217
19550218
19550219
19550220
19550221
19550222
19550223
19550224
19550225
19550226
19550227
19550228
19550229
19550230
19550231
19550301
19550302
19550303
19550304
19550305
19550306
19550307
19550308
19550309
19550310
19550311
19550312
19550313
19550314
19550315
19550316
19550317
19550318
19550319
19550320
19550321
19550322
19550323
19550324
19550325
19550326
19550327
19550328
19550329
19550330
19550331
19550401
19550402
19550403
19550404
19550405
19550406
19550407
19550408
19550409
19550410
19550411
19550412
19550413
19550414
19550415
19550416
19550417
19550418
19550419
19550420
19550421
19550422
19550423
19550424
19550425
19550426
19550427
19550428
19550429
19550430
19550431
19550501
19550502
19550503
19550504
19550505
19550506
19550507
19550508
19550509
19550510
19550511
19550512
19550513
19550514
19550515
19550516
19550517
19550518
19550519
19550520
19550521
19550522
19550523
19550524
19550525
19550526
19550527
19550528
19550529
19550530
19550531
19550601
19550602
19550603
19550604
19550605
19550606
19550607
19550608
19550609
19550610
19550611
19550612
19550613
19550614
19550615
19550616
19550617
19550618
19550619
19550620
19550621
19550622
19550623
19550624
19550625
19550626
19550627
19550628
19550629
19550630
19550631
19550701
19550702
19550703
19550704
19550705
19550706
19550707
19550708
19550709
19550710
19550711
19550712
19550713
19550714
19550715
19550716
19550717
19550718
19550719
19550720
19550721
19550722
19550723
19550724
19550725
19550726
19550727
19550728
19550729
19550730
19550731
19550801
19550802
19550803
19550804
19550805
19550806
19550807
19550808
19550809
19550810
19550811
19550812
19550813
19550814
19550815
19550816
19550817
19550818
19550819
19550820
19550821
19550822
19550823
19550824
19550825
19550826
19550827
19550828
19550829
19550830
19550831
19550901
19550902
19550903
19550904
19550905
19550906
19550907
19550908
19550909
19550910
19550911
19550912
19550913
19550914
19550915
19550916
19550917
19550918
19550919
19550920
19550921
19550922
19550923
19550924
19550925
19550926
19550927
19550928
19550929
19550930
19550931
19551001
19551002
19551003
19551004
19551005
19551006
19551007
19551008
19551009
19551010
19551011
19551012
19551013
19551014
19551015
19551016
19551017
19551018
19551019
19551020
19551021
19551022
19551023
19551024
19551025
19551026
19551027
19551028
19551029
19551030
19551031
19551101
19551102
19551103
19551104
19551105
19551106
19551107
19551108
19551109
19551110
19551111
19551112
19551113
19551114
19551115
19551116
19551117
19551118
19551119
19551120
19551121
19551122
19551123
19551124
19551125
19551126
19551127
19551128
19551129
19551130
19551131
19551201
19551202
19551203
19551204
19551205
19551206
19551207
19551208
19551209
19551210
19551211
19551212
19551213
19551214
19551215
19551216
19551217
19551218
19551219
19551220
19551221
19551222
19551223
19551224
19551225
19551226
19551227
19551228
19551229
19551230
19551231
19560101
19560102
19560103
19560104
19560105
19560106
19560107
19560108
19560109
19560110
19560111
19560112
19560113
19560114
19560115
19560116
19560117
19560118
19560119
19560120
19560121
19560122
19560123
19560124
19560125
19560126
19560127
19560128
19560129
19560130
19560131
19560201
19560202
19560203
19560204
19560205
19560206
19560207
19560208
19560209
19560210
19560211
19560212
19560213
19560214
19560215
19560216
19560217
19560218
19560219
19560220
19560221
19560222
19560223
19560224
19560225
19560226
19560227
19560228
19560229
19560230
19560231
19560301
19560302
19560303
19560304
19560305
19560306
19560307
19560308
19560309
19560310
19560311
19560312
19560313
19560314
19560315
19560316
19560317
19560318
19560319
19560320
19560321
19560322
19560323
19560324
19560325
19560326
19560327
19560328
19560329
19560330
19560331
19560401
19560402
19560403
19560404
19560405
19560406
19560407
19560408
19560409
19560410
19560411
19560412
19560413
19560414
19560415
19560416
19560417
19560418
19560419
19560420
19560421
19560422
19560423
19560424
19560425
19560426
19560427
19560428
19560429
19560430
19560431
19560501
19560502
19560503
19560504
19560505
19560506
19560507
19560508
19560509
19560510
19560511
19560512
19560513
19560514
19560515
19560516
19560517
19560518
19560519
19560520
19560521
19560522
19560523
19560524
19560525
19560526
19560527
19560528
19560529
19560530
19560531
19560601
19560602
19560603
19560604
19560605
19560606
19560607
19560608
19560609
19560610
19560611
19560612
19560613
19560614
19560615
19560616
19560617
19560618
19560619
19560620
19560621
19560622
19560623
19560624
19560625
19560626
19560627
19560628
19560629
19560630
19560631
19560701
19560702
19560703
19560704
19560705
19560706
19560707
19560708
19560709
19560710
19560711
19560712
19560713
19560714
19560715
19560716
19560717
19560718
19560719
19560720
19560721
19560722
19560723
19560724
19560725
19560726
19560727
19560728
19560729
19560730
19560731
19560801
19560802
19560803
19560804
19560805
19560806
19560807
19560808
19560809
19560810
19560811
19560812
19560813
19560814
19560815
19560816
19560817
19560818
19560819
19560820
19560821
19560822
19560823
19560824
19560825
19560826
19560827
19560828
19560829
19560830
19560831
19560901
19560902
19560903
19560904
19560905
19560906
19560907
19560908
19560909
19560910
19560911
19560912
19560913
19560914
19560915
19560916
19560917
19560918
19560919
19560920
19560921
19560922
19560923
19560924
19560925
19560926
19560927
19560928
19560929
19560930
19560931
19561001
19561002
19561003
19561004
19561005
19561006
19561007
19561008
19561009
19561010
19561011
19561012
19561013
19561014
19561015
19561016
19561017
19561018
19561019
19561020
19561021
19561022
19561023
19561024
19561025
19561026
19561027
19561028
19561029
19561030
19561031
19561101
19561102
19561103
19561104
19561105
19561106
19561107
19561108
19561109
19561110
19561111
19561112
19561113
19561114
19561115
19561116
19561117
19561118
19561119
19561120
19561121
19561122
19561123
19561124
19561125
19561126
19561127
19561128
19561129
19561130
19561131
19561201
19561202
19561203
19561204
19561205
19561206
19561207
19561208
19561209
19561210
19561211
19561212
19561213
19561214
19561215
19561216
19561217
19561218
19561219
19561220
19561221
19561222
19561223
19561224
19561225
19561226
19561227
19561228
19561229
19561230
19561231
19570101
19570102
19570103
19570104
19570105
19570106
19570107
19570108
19570109
19570110
19570111
19570112
19570113
19570114
19570115
19570116
19570117
19570118
19570119
19570120
19570121
19570122
19570123
19570124
19570125
19570126
19570127
19570128
19570129
19570130
19570131
19570201
19570202
19570203
19570204
19570205
19570206
19570207
19570208
19570209
19570210
19570211
19570212
19570213
19570214
19570215
19570216
19570217
19570218
19570219
19570220
19570221
19570222
19570223
19570224
19570225
19570226
19570227
19570228
19570229
19570230
19570231
19570301
19570302
19570303
19570304
19570305
19570306
19570307
19570308
19570309
19570310
19570311
19570312
19570313
19570314
19570315
19570316
19570317
19570318
19570319
19570320
19570321
19570322
19570323
19570324
19570325
19570326
19570327
19570328
19570329
19570330
19570331
19570401
19570402
19570403
19570404
19570405
19570406
19570407
19570408
19570409
19570410
19570411
19570412
19570413
19570414
19570415
19570416
19570417
19570418
19570419
19570420
19570421
19570422
19570423
19570424
19570425
19570426
19570427
19570428
19570429
19570430
19570431
19570501
19570502
19570503
19570504
19570505
19570506
19570507
19570508
19570509
19570510
19570511
19570512
19570513
19570514
19570515
19570516
19570517
19570518
19570519
19570520
19570521
19570522
19570523
19570524
19570525
19570526
19570527
19570528
19570529
19570530
19570531
19570601
19570602
19570603
19570604
19570605
19570606
19570607
19570608
19570609
19570610
19570611
19570612
19570613
19570614
19570615
19570616
19570617
19570618
19570619
19570620
19570621
19570622
19570623
19570624
19570625
19570626
19570627
19570628
19570629
19570630
19570631
19570701
19570702
19570703
19570704
19570705
19570706
19570707
19570708
19570709
19570710
19570711
19570712
19570713
19570714
19570715
19570716
19570717
19570718
19570719
19570720
19570721
19570722
19570723
19570724
19570725
19570726
19570727
19570728
19570729
19570730
19570731
19570801
19570802
19570803
19570804
19570805
19570806
19570807
19570808
19570809
19570810
19570811
19570812
19570813
19570814
19570815
19570816
19570817
19570818
19570819
19570820
19570821
19570822
19570823
19570824
19570825
19570826
19570827
19570828
19570829
19570830
19570831
19570901
19570902
19570903
19570904
19570905
19570906
19570907
19570908
19570909
19570910
19570911
19570912
19570913
19570914
19570915
19570916
19570917
19570918
19570919
19570920
19570921
19570922
19570923
19570924
19570925
19570926
19570927
19570928
19570929
19570930
19570931
19571001
19571002
19571003
19571004
19571005
19571006
19571007
19571008
19571009
19571010
19571011
19571012
19571013
19571014
19571015
19571016
19571017
19571018
19571019
19571020
19571021
19571022
19571023
19571024
19571025
19571026
19571027
19571028
19571029
19571030
19571031
19571101
19571102
19571103
19571104
19571105
19571106
19571107
19571108
19571109
19571110
19571111
19571112
19571113
19571114
19571115
19571116
19571117
19571118
19571119
19571120
19571121
19571122
19571123
19571124
19571125
19571126
19571127
19571128
19571129
19571130
19571131
19571201
19571202
19571203
19571204
19571205
19571206
19571207
19571208
19571209
19571210
19571211
19571212
19571213
19571214
19571215
19571216
19571217
19571218
19571219
19571220
19571221
19571222
19571223
19571224
19571225
19571226
19571227
19571228
19571229
19571230
19571231
19580101
19580102
19580103
19580104
19580105
19580106
19580107
19580108
19580109
19580110
19580111
19580112
19580113
19580114
19580115
19580116
19580117
19580118
19580119
19580120
19580121
19580122
19580123
19580124
19580125
19580126
19580127
19580128
19580129
19580130
19580131
19580201
19580202
19580203
19580204
19580205
19580206
19580207
19580208
19580209
19580210
19580211
19580212
19580213
19580214
19580215
19580216
19580217
19580218
19580219
19580220
19580221
19580222
19580223
19580224
19580225
19580226
19580227
19580228
19580229
19580230
19580231
19580301
19580302
19580303
19580304
19580305
19580306
19580307
19580308
19580309
19580310
19580311
19580312
19580313
19580314
19580315
19580316
19580317
19580318
19580319
19580320
19580321
19580322
19580323
19580324
19580325
19580326
19580327
19580328
19580329
19580330
19580331
19580401
19580402
19580403
19580404
19580405
19580406
19580407
19580408
19580409
19580410
19580411
19580412
19580413
19580414
19580415
19580416
19580417
19580418
19580419
19580420
19580421
19580422
19580423
19580424
19580425
19580426
19580427
19580428
19580429
19580430
19580431
19580501
19580502
19580503
19580504
19580505
19580506
19580507
19580508
19580509
19580510
19580511
19580512
19580513
19580514
19580515
19580516
19580517
19580518
19580519
19580520
19580521
19580522
19580523
19580524
19580525
19580526
19580527
19580528
19580529
19580530
19580531
19580601
19580602
19580603
19580604
19580605
19580606
19580607
19580608
19580609
19580610
19580611
19580612
19580613
19580614
19580615
19580616
19580617
19580618
19580619
19580620
19580621
19580622
19580623
19580624
19580625
19580626
19580627
19580628
19580629
19580630
19580631
19580701
19580702
19580703
19580704
19580705
19580706
19580707
19580708
19580709
19580710
19580711
19580712
19580713
19580714
19580715
19580716
19580717
19580718
19580719
19580720
19580721
19580722
19580723
19580724
19580725
19580726
19580727
19580728
19580729
19580730
19580731
19580801
19580802
19580803
19580804
19580805
19580806
19580807
19580808
19580809
19580810
19580811
19580812
19580813
19580814
19580815
19580816
19580817
19580818
19580819
19580820
19580821
19580822
19580823
19580824
19580825
19580826
19580827
19580828
19580829
19580830
19580831
19580901
19580902
19580903
19580904
19580905
19580906
19580907
19580908
19580909
19580910
19580911
19580912
19580913
19580914
19580915
19580916
19580917
19580918
19580919
19580920
19580921
19580922
19580923
19580924
19580925
19580926
19580927
19580928
19580929
19580930
19580931
19581001
19581002
19581003
19581004
19581005
19581006
19581007
19581008
19581009
19581010
19581011
19581012
19581013
19581014
19581015
19581016
19581017
19581018
19581019
19581020
19581021
19581022
19581023
19581024
19581025
19581026
19581027
19581028
19581029
19581030
19581031
19581101
19581102
19581103
19581104
19581105
19581106
19581107
19581108
19581109
19581110
19581111
19581112
19581113
19581114
19581115
19581116
19581117
19581118
19581119
19581120
19581121
19581122
19581123
19581124
19581125
19581126
19581127
19581128
19581129
19581130
19581131
19581201
19581202
19581203
19581204
19581205
19581206
19581207
19581208
19581209
19581210
19581211
19581212
19581213
19581214
19581215
19581216
19581217
19581218
19581219
19581220
19581221
19581222
19581223
19581224
19581225
19581226
19581227
19581228
19581229
19581230
19581231
19590101
19590102
19590103
19590104
19590105
19590106
19590107
19590108
19590109
19590110
19590111
19590112
19590113
19590114
19590115
19590116
19590117
19590118
19590119
19590120
19590121
19590122
19590123
19590124
19590125
19590126
19590127
19590128
19590129
19590130
19590131
19590201
19590202
19590203
19590204
19590205
19590206
19590207
19590208
19590209
19590210
19590211
19590212
19590213
19590214
19590215
19590216
19590217
19590218
19590219
19590220
19590221
19590222
19590223
19590224
19590225
19590226
19590227
19590228
19590229
19590230
19590231
19590301
19590302
19590303
19590304
19590305
19590306
19590307
19590308
19590309
19590310
19590311
19590312
19590313
19590314
19590315
19590316
19590317
19590318
19590319
19590320
19590321
19590322
19590323
19590324
19590325
19590326
19590327
19590328
19590329
19590330
19590331
19590401
19590402
19590403
19590404
19590405
19590406
19590407
19590408
19590409
19590410
19590411
19590412
19590413
19590414
19590415
19590416
19590417
19590418
19590419
19590420
19590421
19590422
19590423
19590424
19590425
19590426
19590427
19590428
19590429
19590430
19590431
19590501
19590502
19590503
19590504
19590505
19590506
19590507
19590508
19590509
19590510
19590511
19590512
19590513
19590514
19590515
19590516
19590517
19590518
19590519
19590520
19590521
19590522
19590523
19590524
19590525
19590526
19590527
19590528
19590529
19590530
19590531
19590601
19590602
19590603
19590604
19590605
19590606
19590607
19590608
19590609
19590610
19590611
19590612
19590613
19590614
19590615
19590616
19590617
19590618
19590619
19590620
19590621
19590622
19590623
19590624
19590625
19590626
19590627
19590628
19590629
19590630
19590631
19590701
19590702
19590703
19590704
19590705
19590706
19590707
19590708
19590709
19590710
19590711
19590712
19590713
19590714
19590715
19590716
19590717
19590718
19590719
19590720
19590721
19590722
19590723
19590724
19590725
19590726
19590727
19590728
19590729
19590730
19590731
19590801
19590802
19590803
19590804
19590805
19590806
19590807
19590808
19590809
19590810
19590811
19590812
19590813
19590814
19590815
19590816
19590817
19590818
19590819
19590820
19590821
19590822
19590823
19590824
19590825
19590826
19590827
19590828
19590829
19590830
19590831
19590901
19590902
19590903
19590904
19590905
19590906
19590907
19590908
19590909
19590910
19590911
19590912
19590913
19590914
19590915
19590916
19590917
19590918
19590919
19590920
19590921
19590922
19590923
19590924
19590925
19590926
19590927
19590928
19590929
19590930
19590931
19591001
19591002
19591003
19591004
19591005
19591006
19591007
19591008
19591009
19591010
19591011
19591012
19591013
19591014
19591015
19591016
19591017
19591018
19591019
19591020
19591021
19591022
19591023
19591024
19591025
19591026
19591027
19591028
19591029
19591030
19591031
19591101
19591102
19591103
19591104
19591105
19591106
19591107
19591108
19591109
19591110
19591111
19591112
19591113
19591114
19591115
19591116
19591117
19591118
19591119
19591120
19591121
19591122
19591123
19591124
19591125
19591126
19591127
19591128
19591129
19591130
19591131
19591201
19591202
19591203
19591204
19591205
19591206
19591207
19591208
19591209
19591210
19591211
19591212
19591213
19591214
19591215
19591216
19591217
19591218
19591219
19591220
19591221
19591222
19591223
19591224
19591225
19591226
19591227
19591228
19591229
19591230
19591231